MMI/Images/P0001_S0100_F0001_E0.png 0 510 328 584 334 1 0
MMI/Images/P0001_S0100_F0082_E0.png 0 492 328 566 331 1 0
MMI/Images/P0001_S0100_F0036_E1.png 1 507 337 579 341 1 0
MMI/Images/P0001_S0101_F0008_E0.png 0 497 328 570 332 1 0
MMI/Images/P0001_S0101_F0094_E0.png 0 494 327 568 326 1 0
MMI/Images/P0001_S0101_F0052_E1.png 1 502 339 575 343 1 0
MMI/Images/P0001_S0102_F0002_E0.png 0 492 324 565 331 1 0
MMI/Images/P0001_S0102_F0090_E0.png 0 483 328 556 334 1 0
MMI/Images/P0001_S0104_F0085_E0.png 0 499 342 572 349 1 0
MMI/Images/P0001_S0104_F0014_E0.png 0 499 336 572 341 1 0
MMI/Images/P0001_S0104_F0040_E2.png 2 501 345 573 349 1 0
MMI/Images/P0001_S0104_F0056_E2.png 2 498 346 569 350 1 0
MMI/Images/P0001_S0105_F0040_E2.png 2 500 350 571 356 1 0
MMI/Images/P0001_S0106_F0008_E0.png 0 504 324 576 327 1 0
MMI/Images/P0001_S0106_F0063_E0.png 0 500 328 573 332 1 0
MMI/Images/P0001_S0106_F0036_E3.png 3 502 319 573 323 1 0
MMI/Images/P0001_S0107_F0081_E0.png 0 503 336 575 344 1 0
MMI/Images/P0001_S0107_F0055_E3.png 3 506 326 577 330 1 0
MMI/Images/P0001_S0108_F0001_E0.png 0 502 327 575 332 1 0
MMI/Images/P0001_S0108_F0085_E0.png 0 496 332 568 338 1 0
MMI/Images/P0001_S0108_F0059_E4.png 4 494 332 566 337 1 0
MMI/Images/P0001_S0108_F0043_E4.png 4 494 330 566 335 1 0
MMI/Images/P0001_S0109_F0078_E4.png 4 491 338 564 343 1 0
MMI/Images/P0001_S0109_F0054_E4.png 4 489 340 561 343 1 0
MMI/Images/P0001_S0110_F0009_E0.png 0 510 328 583 334 1 0
MMI/Images/P0001_S0111_F0080_E0.png 0 510 328 584 334 1 0
MMI/Images/P0001_S0112_F0000_E0.png 0 496 327 570 331 1 0
MMI/Images/P0001_S0112_F0102_E0.png 0 491 331 565 335 1 0
MMI/Images/P0001_S0114_F0112_E0.png 0 495 344 567 349 1 0
MMI/Images/P0001_S0114_F0060_E5.png 5 497 340 569 345 1 0
MMI/Images/P0001_S0115_F0146_E0.png 0 491 339 563 344 1 0
MMI/Images/P0001_S0115_F0105_E5.png 5 492 339 564 345 1 0
MMI/Images/P0001_S0115_F0079_E5.png 5 492 339 564 344 1 0
MMI/Images/P0001_S0116_F0067_E0.png 0 496 334 569 340 1 0
MMI/Images/P0001_S0116_F0022_E6.png 6 498 317 571 323 1 0
MMI/Images/P0001_S0117_F0097_E0.png 0 489 330 562 337 1 0
MMI/Images/P0001_S0117_F0045_E6.png 6 492 319 566 321 1 0
MMI/Images/P0001_S0118_F0000_E0.png 0 495 324 568 329 1 0
MMI/Images/P0015_S1417_F0000_E0.png 0 178 236 243 236 15 0
MMI/Images/P0015_S1417_F0031_E2.png 2 178 236 243 236 15 0
MMI/Images/P0016_S1500_F0000_E0.png 0 145 239 204 237 16 0
MMI/Images/P0016_S1500_F0066_E2.png 2 140 236 198 232 16 0
MMI/Images/P0017_S1648_F0000_E0.png 0 532 290 602 280 17 0
MMI/Images/P0028_S1769_F0025_E3.png 3 275 297 424 306 28 0
MMI/Images/P0028_S1770_F0000_E0.png 0 268 284 419 283 28 0
MMI/Images/P0028_S1770_F0022_E3.png 3 285 258 435 266 28 0
MMI/Images/P0028_S1771_F0000_E0.png 0 292 300 445 299 28 0
MMI/Images/P0028_S1771_F0055_E0.png 0 303 303 457 303 28 0
MMI/Images/P0028_S1771_F0013_E6.png 6 328 270 476 286 28 0
MMI/Images/P0028_S1772_F0061_E6.png 6 255 283 402 287 28 0
MMI/Images/P0030_S1792_F0000_E0.png 0 253 378 384 378 30 0
MMI/Images/P0030_S1792_F0024_E2.png 2 252 390 383 388 30 0
MMI/Images/P0030_S1795_F0000_E0.png 0 211 315 348 320 30 0
MMI/Images/P0030_S1795_F0089_E0.png 0 232 315 367 325 30 0
MMI/Images/P0030_S1795_F0027_E4.png 4 223 320 360 323 30 0
MMI/Images/P0030_S1796_F0137_E0.png 0 255 371 389 369 30 0
MMI/Images/P0030_S1796_F0077_E4.png 4 255 375 385 360 30 0
MMI/Images/P0031_S1800_F0053_E0.png 0 202 321 359 320 31 0
MMI/Images/P0031_S1800_F0036_E1.png 1 187 352 341 351 31 0
MMI/Images/P0031_S1802_F0071_E0.png 0 169 331 325 326 31 0
MMI/Images/P0031_S1802_F0038_E3.png 3 134 292 277 278 31 0
MMI/Images/P0031_S1803_F0030_E3.png 3 142 289 289 282 31 0
MMI/Images/P0031_S1804_F0025_E5.png 5 202 327 346 322 31 0
MMI/Images/P0031_S1805_F0049_E0.png 0 193 301 349 297 31 0
MMI/Images/P0031_S1805_F0029_E5.png 5 198 320 346 316 31 0
MMI/Images/P0031_S1806_F0028_E6.png 6 173 317 336 317 31 0
MMI/Images/P0031_S1807_F0059_E0.png 0 212 322 369 324 31 0
MMI/Images/P0031_S1807_F0025_E6.png 6 152 271 308 261 31 0
MMI/Images/P0032_S1809_F0000_E0.png 0 234 314 376 309 32 0
MMI/Images/P0032_S1809_F0025_E1.png 1 239 332 381 331 32 0
MMI/Images/P0032_S1810_F0000_E0.png 0 223 308 365 302 32 0
MMI/Images/P0032_S1810_F0060_E0.png 0 225 311 367 305 32 0
MMI/Images/P0032_S1810_F0027_E1.png 1 227 330 366 324 32 0
MMI/Images/P0032_S1811_F0031_E2.png 2 207 310 340 299 32 0
MMI/Images/P0032_S1814_F0039_E3.png 3 211 301 347 295 32 0
MMI/Images/P0032_S1816_F0075_E0.png 0 210 314 350 309 32 0
MMI/Images/P0032_S1816_F0033_E4.png 4 204 317 345 312 32 0
MMI/Images/P0032_S1818_F0058_E0.png 0 204 310 342 309 32 0
MMI/Images/P0032_S1818_F0011_E6.png 6 202 306 341 307 32 0
MMI/Images/P0032_S1819_F0000_E0.png 0 198 312 337 308 32 0
MMI/Images/P0032_S1819_F0013_E6.png 6 201 309 341 307 32 0
MMI/Images/P0033_S1820_F0000_E0.png 0 223 368 350 364 33 0
MMI/Images/P0033_S1820_F0035_E1.png 1 224 396 362 395 33 0
MMI/Images/P0033_S1821_F0000_E0.png 0 227 369 358 366 33 0
MMI/Images/P0033_S1821_F0035_E2.png 2 228 386 354 383 33 0
MMI/Images/P0033_S1822_F0000_E0.png 0 245 359 372 357 33 0
MMI/Images/P0033_S1822_F0021_E2.png 2 240 366 369 364 33 0
MMI/Images/P0033_S1824_F0075_E0.png 0 247 365 378 365 33 0
MMI/Images/P0033_S1824_F0036_E3.png 3 244 355 385 357 33 0
MMI/Images/P0033_S1825_F0033_E4.png 4 238 352 367 350 33 0
MMI/Images/P0033_S1825_F0046_E4.png 4 236 354 364 353 33 0
MMI/Images/P0033_S1826_F0000_E0.png 0 250 352 378 351 33 0
MMI/Images/P0033_S1826_F0025_E4.png 4 248 352 375 351 33 0
MMI/Images/P0033_S1827_F0082_E0.png 0 253 371 384 370 33 0
MMI/Images/P0033_S1827_F0048_E5.png 5 273 375 407 384 33 0
MMI/Images/P0033_S1827_F0026_E5.png 5 274 372 409 381 33 0
MMI/Images/P0033_S1828_F0044_E5.png 5 236 372 371 375 33 0
MMI/Images/P0033_S1829_F0000_E0.png 0 247 380 380 378 33 0
MMI/Images/P0033_S1829_F0062_E0.png 0 248 352 380 352 33 0
MMI/Images/P0033_S1829_F0029_E6.png 6 250 339 383 339 33 0
MMI/Images/P0033_S1830_F0056_E0.png 0 243 359 372 358 33 0
MMI/Images/P0033_S1830_F0022_E6.png 6 235 337 375 334 33 0
MMI/Images/P0034_S1831_F0000_E0.png 0 173 366 319 355 34 0
MMI/Images/P0034_S1831_F0030_E1.png 1 165 386 311 374 34 0
MMI/Images/P0034_S1832_F0036_E2.png 2 198 374 341 369 34 0
MMI/Images/P0034_S1833_F0000_E0.png 0 195 371 341 362 34 0
MMI/Images/P0034_S1834_F0000_E0.png 0 177 361 324 356 34 0
MMI/Images/P0034_S1834_F0027_E4.png 4 178 367 324 362 34 0
MMI/Images/P0034_S1834_F0069_E4.png 4 175 374 322 369 34 0
MMI/Images/P0034_S1835_F0053_E5.png 5 177 401 320 373 34 0
MMI/Images/P0034_S1837_F0028_E6.png 6 228 330 372 320 34 0
MMI/Images/P0035_S1838_F0082_E0.png 0 202 319 342 328 35 0
MMI/Images/P0035_S1838_F0025_E1.png 1 198 336 340 341 35 0
MMI/Images/P0035_S1838_F0068_E1.png 1 202 345 344 351 35 0
MMI/Images/P0035_S1839_F0000_E0.png 0 208 306 343 313 35 0
MMI/Images/P0035_S1839_F0032_E2.png 2 207 326 343 330 35 0
MMI/Images/P0035_S1840_F0031_E2.png 2 193 318 337 326 35 0
MMI/Images/P0035_S1841_F0034_E5.png 5 195 306 329 312 35 0
MMI/Images/P0035_S1843_F0074_E0.png 0 222 318 362 327 35 0
MMI/Images/P0035_S1843_F0033_E6.png 6 201 295 341 303 35 0
MMI/Images/P0036_S1852_F0000_E0.png 0 195 372 327 371 36 0
MMI/Images/P0036_S1852_F0061_E0.png 0 202 376 334 377 36 0
MMI/Images/P0036_S1852_F0041_E1.png 1 190 404 323 408 36 0
MMI/Images/P0036_S1854_F0013_E6.png 6 245 348 376 342 36 0
MMI/Images/P0036_S1855_F0016_E6.png 6 230 352 362 343 36 0
MMI/Images/P0036_S1856_F0058_E0.png 0 178 358 311 353 36 0
MMI/Images/P0036_S1856_F0023_E4.png 4 189 343 319 326 36 0
MMI/Images/P0037_S1859_F0000_E0.png 0 222 379 360 378 37 0
MMI/Images/P0037_S1859_F0028_E1.png 1 218 403 354 401 37 0
MMI/Images/P0037_S1860_F0025_E2.png 2 226 381 362 376 37 0
MMI/Images/P0037_S1861_F0000_E0.png 0 225 373 361 375 37 0
MMI/Images/P0037_S1861_F0033_E4.png 4 224 380 361 382 37 0
MMI/Images/P0037_S1862_F0000_E0.png 0 223 379 362 382 37 0
MMI/Images/P0037_S1862_F0041_E5.png 5 226 367 365 370 37 0
MMI/Images/P0037_S1863_F0069_E0.png 0 223 377 362 381 37 0
MMI/Images/P0037_S1863_F0041_E5.png 5 226 367 365 371 37 0
MMI/Images/P0037_S1864_F0063_E0.png 0 215 372 354 377 37 0
MMI/Images/P0037_S1864_F0029_E6.png 6 207 351 348 349 37 0
MMI/Images/P0037_S1865_F0063_E0.png 0 210 375 349 377 37 0
MMI/Images/P0037_S1865_F0028_E6.png 6 219 346 360 348 37 0
MMI/Images/P0037_S1866_F0028_E1.png 1 188 394 329 397 37 0
MMI/Images/P0037_S1867_F0031_E3.png 3 182 344 323 352 37 0
MMI/Images/P0037_S1869_F0000_E0.png 0 185 374 327 377 37 0
MMI/Images/P0037_S1869_F0030_E6.png 6 185 356 327 360 37 0
MMI/Images/P0037_S1870_F0053_E0.png 0 187 370 328 375 37 0
MMI/Images/P0037_S1870_F0028_E4.png 4 190 373 331 376 37 0
MMI/Images/P0037_S1871_F0067_E0.png 0 200 392 343 393 37 0
MMI/Images/P0037_S1871_F0041_E5.png 5 202 382 345 383 37 0
MMI/Images/P0037_S1873_F0064_E0.png 0 185 382 328 387 37 0
MMI/Images/P0037_S1873_F0042_E6.png 6 177 368 322 367 37 0
MMI/Images/P0039_S1874_F0025_E1.png 1 228 319 361 326 39 0
MMI/Images/P0039_S1875_F0000_E0.png 0 219 303 354 307 39 0
MMI/Images/P0039_S1875_F0087_E0.png 0 215 316 352 318 39 0
MMI/Images/P0039_S1875_F0033_E2.png 2 218 306 349 309 39 0
MMI/Images/P0039_S1876_F0112_E0.png 0 230 307 364 312 39 0
MMI/Images/P0039_S1876_F0040_E3.png 3 237 299 378 304 39 0
MMI/Images/P0039_S1876_F0064_E3.png 3 221 289 361 294 39 0
MMI/Images/P0039_S1876_F0095_E3.png 3 224 295 363 300 39 0
MMI/Images/P0039_S1878_F0000_E0.png 0 213 306 349 310 39 0
MMI/Images/P0039_S1878_F0035_E5.png 5 208 314 343 320 39 0
MMI/Images/P0039_S1879_F0083_E0.png 0 217 310 353 315 39 0
MMI/Images/P0039_S1879_F0032_E6.png 6 227 298 367 305 39 0
MMI/Images/P0039_S1879_F0057_E6.png 6 225 294 366 300 39 0
MMI/Images/P0040_S1880_F0000_E0.png 0 214 325 329 314 40 0
MMI/Images/P0040_S1880_F0012_E2.png 2 214 328 329 316 40 0
MMI/Images/P0040_S1882_F0069_E0.png 0 220 322 334 314 40 0
MMI/Images/P0040_S1882_F0023_E2.png 2 213 328 330 319 40 0
MMI/Images/P0040_S1883_F0091_E0.png 0 213 331 325 319 40 0
MMI/Images/P0040_S1883_F0030_E2.png 2 197 330 310 317 40 0
MMI/Images/P0040_S1884_F0034_E3.png 3 213 325 336 318 40 0
MMI/Images/P0040_S1886_F0080_E0.png 0 220 329 333 319 40 0
MMI/Images/P0040_S1886_F0036_E3.png 3 224 317 350 311 40 0
MMI/Images/P0040_S1888_F0039_E4.png 4 212 325 327 313 40 0
MMI/Images/P0040_S1889_F0000_E0.png 0 228 319 345 318 40 0
MMI/Images/P0040_S1889_F0052_E5.png 5 210 366 327 342 40 0
MMI/Images/P0041_S1892_F0056_E1.png 1 220 362 356 358 41 0
MMI/Images/P0041_S1896_F0049_E1.png 1 231 333 367 331 41 0
MMI/Images/P0041_S1897_F0000_E0.png 0 211 338 348 332 41 0
MMI/Images/P0041_S1897_F0051_E6.png 6 212 341 349 333 41 0
MMI/Images/P0041_S1897_F0087_E6.png 6 207 346 344 335 41 0
MMI/Images/P0041_S1898_F0000_E0.png 0 217 345 355 340 41 0
MMI/Images/P0041_S1898_F0028_E1.png 1 222 347 358 344 41 0
MMI/Images/P0041_S1899_F0111_E0.png 0 210 335 346 332 41 0
MMI/Images/P0041_S1899_F0025_E6.png 6 224 317 362 317 41 0
MMI/Images/P0042_S1900_F0000_E0.png 0 206 286 343 285 42 0
MMI/Images/P0042_S1900_F0033_E1.png 1 227 293 362 317 42 0
MMI/Images/P0042_S1903_F0000_E0.png 0 231 289 367 291 42 0
MMI/Images/P0042_S1903_F0023_E3.png 3 261 277 396 282 42 0
MMI/Images/P0042_S1905_F0000_E0.png 0 242 285 374 287 42 0
MMI/Images/P0042_S1905_F0018_E4.png 4 281 265 412 283 42 0
MMI/Images/P0042_S1906_F0062_E5.png 5 244 287 380 291 42 0
MMI/Images/P0043_S1908_F0000_E0.png 0 222 333 375 344 43 0
MMI/Images/P0043_S1908_F0029_E6.png 6 262 272 410 284 43 0
MMI/Images/P0043_S1910_F0000_E0.png 0 202 329 356 330 43 0
MMI/Images/P0043_S1910_F0039_E4.png 4 224 329 375 335 43 0
MMI/Images/P0043_S1911_F0103_E0.png 0 170 335 318 331 43 0
MMI/Images/P0043_S1911_F0059_E4.png 4 176 334 324 332 43 0
MMI/Images/P0044_S1913_F0000_E0.png 0 229 333 359 329 44 0
MMI/Images/P0044_S1913_F0105_E0.png 0 245 295 371 295 44 0
MMI/Images/P0044_S1913_F0081_E2.png 2 240 347 361 351 44 0
MMI/Images/P0044_S1913_F0037_E2.png 2 181 355 306 336 44 0
MMI/Images/P0044_S1914_F0079_E0.png 0 252 318 381 312 44 0
MMI/Images/P0044_S1914_F0034_E6.png 6 212 286 341 281 44 0
MMI/Images/P0044_S1915_F0127_E0.png 0 248 309 376 307 44 0
MMI/Images/P0044_S1915_F0041_E3.png 3 230 352 364 344 44 0
MMI/Images/P0044_S1916_F0000_E0.png 0 207 333 337 327 44 0
MMI/Images/P0044_S1916_F0076_E4.png 4 320 317 442 331 44 0
MMI/Images/P0044_S1916_F0031_E4.png 4 133 284 257 265 44 0
MMI/Images/P0045_S1918_F0001_E0.png 0 209 302 346 302 45 0
MMI/Images/P0045_S1918_F0088_E1.png 1 222 307 357 307 45 0
MMI/Images/P0045_S1918_F0029_E1.png 1 215 309 348 308 45 0
MMI/Images/P0045_S1919_F0105_E0.png 0 214 319 347 315 45 0
MMI/Images/P0045_S1919_F0060_E1.png 1 214 331 347 325 45 0
MMI/Images/P0045_S1920_F0073_E0.png 0 207 301 344 300 45 0
MMI/Images/P0045_S1920_F0032_E2.png 2 196 309 325 308 45 0
MMI/Images/P0045_S1921_F0071_E0.png 0 220 306 353 308 45 0
MMI/Images/P0045_S1921_F0045_E2.png 2 221 309 350 309 45 0
MMI/Images/P0045_S1922_F0082_E0.png 0 211 298 346 297 45 0
MMI/Images/P0045_S1922_F0027_E3.png 3 221 265 355 267 45 0
MMI/Images/P0045_S1923_F0071_E0.png 0 207 304 339 303 45 0
MMI/Images/P0045_S1923_F0024_E3.png 3 202 280 334 278 45 0
MMI/Images/P0045_S1924_F0066_E0.png 0 224 292 357 291 45 0
MMI/Images/P0045_S1924_F0026_E4.png 4 251 278 381 292 45 0
MMI/Images/P0045_S1925_F0138_E0.png 0 228 305 360 310 45 0
MMI/Images/P0045_S1925_F0049_E4.png 4 228 305 359 307 45 0
MMI/Images/P0045_S1926_F0044_E5.png 5 204 302 334 293 45 0
MMI/Images/P0045_S1927_F0000_E0.png 0 198 308 332 303 45 0
MMI/Images/P0045_S1927_F0029_E5.png 5 221 335 341 337 45 0
MMI/Images/P0045_S1928_F0035_E6.png 6 213 285 347 281 45 0
MMI/Images/P0045_S1929_F0061_E0.png 0 218 317 349 317 45 0
MMI/Images/P0045_S1929_F0027_E6.png 6 212 302 344 300 45 0
MMI/Images/P0046_S1930_F0090_E0.png 0 239 376 380 374 46 0
MMI/Images/P0046_S1930_F0045_E1.png 1 238 376 374 375 46 0
MMI/Images/P0046_S1931_F0071_E0.png 0 221 404 366 403 46 0
MMI/Images/P0046_S1931_F0037_E1.png 1 214 408 353 408 46 0
MMI/Images/P0046_S1932_F0035_E5.png 5 243 388 380 391 46 0
MMI/Images/P0046_S1933_F0031_E1.png 1 237 373 375 370 46 0
MMI/Images/P0046_S1934_F0080_E0.png 0 230 390 373 388 46 0
MMI/Images/P0046_S1934_F0033_E3.png 3 235 372 372 373 46 0
MMI/Images/P0046_S1935_F0085_E0.png 0 195 369 331 349 46 0
MMI/Images/P0046_S1935_F0032_E6.png 6 207 329 347 324 46 0
MMI/Images/P0046_S1937_F0091_E0.png 0 208 381 352 379 46 0
MMI/Images/P0046_S1937_F0049_E3.png 3 195 356 332 351 46 0
MMI/Images/P0046_S1939_F0072_E0.png 0 225 406 368 404 46 0
MMI/Images/P0046_S1939_F0034_E4.png 4 224 399 372 398 46 0
MMI/Images/P0046_S1940_F0025_E4.png 4 252 354 397 353 46 0
MMI/Images/P0046_S1941_F0077_E5.png 5 220 379 362 380 46 0
MMI/Images/P0046_S1943_F0037_E5.png 5 214 398 356 396 46 0
MMI/Images/P0046_S1944_F0000_E0.png 0 225 384 367 381 46 0
MMI/Images/P0046_S1946_F0025_E6.png 6 220 309 357 304 46 0
MMI/Images/P0046_S1948_F0000_E0.png 0 214 377 357 373 46 0
MMI/Images/P0046_S1948_F0030_E6.png 6 196 338 339 332 46 0
MMI/Images/P0047_S1950_F0000_E0.png 0 239 349 360 347 47 0
MMI/Images/P0047_S1950_F0031_E1.png 1 235 365 354 359 47 0
MMI/Images/P0047_S1951_F0077_E0.png 0 229 342 350 339 47 0
MMI/Images/P0047_S1951_F0043_E1.png 1 228 374 345 368 47 0
MMI/Images/P0047_S1952_F0072_E0.png 0 251 348 374 345 47 0
MMI/Images/P0047_S1952_F0028_E2.png 2 192 326 310 296 47 0
MMI/Images/P0047_S1953_F0031_E2.png 2 188 320 297 286 47 0
MMI/Images/P0047_S1955_F0041_E3.png 3 204 334 324 330 47 0
MMI/Images/P0047_S1956_F0000_E0.png 0 241 344 364 341 47 0
MMI/Images/P0047_S1956_F0056_E4.png 4 219 328 339 319 47 0
MMI/Images/P0047_S1956_F0031_E4.png 4 215 327 335 316 47 0
MMI/Images/P0047_S1957_F0017_E4.png 4 233 332 356 326 47 0
MMI/Images/P0047_S1958_F0039_E5.png 5 240 342 358 367 47 0
MMI/Images/P0047_S1959_F0030_E5.png 5 239 344 351 357 47 0
MMI/Images/P0047_S1960_F0056_E0.png 0 218 365 340 361 47 0
MMI/Images/P0047_S1960_F0035_E6.png 6 213 340 333 336 47 0
MMI/Images/P0047_S1961_F0026_E6.png 6 211 350 332 341 47 0
MMI/Images/P0048_S1962_F0000_E0.png 0 220 272 347 271 48 0
MMI/Images/P0048_S1962_F0024_E3.png 3 219 279 346 275 48 0
MMI/Images/P0048_S1963_F0062_E0.png 0 211 302 344 306 48 0
MMI/Images/P0048_S1963_F0014_E1.png 1 202 321 337 319 48 0
MMI/Images/P0048_S1964_F0069_E0.png 0 220 282 350 285 48 0
MMI/Images/P0048_S1964_F0026_E2.png 2 221 285 350 289 48 0
MMI/Images/P0048_S1965_F0066_E0.png 0 224 273 352 276 48 0
MMI/Images/P0048_S1965_F0016_E2.png 2 217 286 344 282 48 0
MMI/Images/P0048_S1966_F0000_E0.png 0 227 301 355 304 48 0
MMI/Images/P0048_S1966_F0023_E4.png 4 228 303 355 305 48 0
MMI/Images/P0048_S1967_F0051_E1.png 1 216 290 341 284 48 0
MMI/Images/P0048_S1970_F0020_E6.png 6 216 266 342 264 48 0
MMI/Images/P0048_S1971_F0014_E6.png 6 210 268 336 268 48 0
MMI/Images/P0049_S1972_F0070_E0.png 0 233 319 362 320 49 0
MMI/Images/P0049_S1972_F0015_E1.png 1 209 359 335 348 49 0
MMI/Images/P0049_S1973_F0026_E1.png 1 235 348 360 335 49 0
MMI/Images/P0049_S1974_F0028_E1.png 1 213 350 342 341 49 0
MMI/Images/P0049_S1975_F0054_E2.png 2 231 320 358 310 49 0
MMI/Images/P0049_S1975_F0022_E2.png 2 235 321 360 311 49 0
MMI/Images/P0049_S1976_F0000_E0.png 0 224 339 354 326 49 0
MMI/Images/P0049_S1976_F0018_E2.png 2 220 353 349 339 49 0
MMI/Images/P0049_S1977_F0089_E0.png 0 225 356 349 344 49 0
MMI/Images/P0049_S1977_F0024_E3.png 3 238 312 369 307 49 0
MMI/Images/P0049_S1978_F0022_E3.png 3 235 326 366 324 49 0
MMI/Images/P0049_S1979_F0065_E0.png 0 231 343 360 331 49 0
MMI/Images/P0049_S1979_F0019_E4.png 4 235 314 365 303 49 0
MMI/Images/P0049_S1980_F0000_E0.png 0 228 323 358 314 49 0
MMI/Images/P0049_S1980_F0013_E4.png 4 231 311 361 306 49 0
MMI/Images/P0049_S1981_F0076_E0.png 0 212 338 341 321 49 0
MMI/Images/P0049_S1981_F0012_E4.png 4 206 326 335 314 49 0
MMI/Images/P0049_S1982_F0079_E0.png 0 224 331 354 322 49 0
MMI/Images/P0049_S1982_F0022_E5.png 5 230 343 354 336 49 0
MMI/Images/P0049_S1983_F0092_E0.png 0 248 327 379 330 49 0
MMI/Images/P0049_S1983_F0021_E5.png 5 234 366 359 356 49 0
MMI/Images/P0049_S1984_F0084_E0.png 0 231 310 361 308 49 0
MMI/Images/P0049_S1984_F0023_E5.png 5 222 337 345 326 49 0
MMI/Images/P0049_S1985_F0021_E6.png 6 215 319 347 310 49 0
MMI/Images/P0049_S1986_F0074_E0.png 0 223 370 346 358 49 0
MMI/Images/P0049_S1986_F0023_E6.png 6 221 358 352 349 49 0
MMI/Images/P0049_S1987_F0081_E0.png 0 239 348 371 349 49 0
MMI/Images/P0049_S1987_F0021_E6.png 6 205 339 337 329 49 0
MMI/Images/P0049_S1988_F0080_E0.png 0 191 320 325 323 49 0
MMI/Images/P0049_S1988_F0046_E6.png 6 171 350 302 337 49 0
MMI/Images/P0049_S1988_F0015_E6.png 6 182 324 317 312 49 0
MMI/Images/P0050_S1991_F0000_E0.png 0 240 318 372 318 50 0
MMI/Images/P0050_S1991_F0016_E2.png 2 229 314 362 312 50 0
MMI/Images/P0050_S1992_F0000_E0.png 0 225 307 358 308 50 0
MMI/Images/P0050_S1992_F0036_E2.png 2 227 311 353 312 50 0
MMI/Images/P0050_S1992_F0062_E2.png 2 229 305 354 307 50 0
MMI/Images/P0050_S1993_F0072_E0.png 0 230 309 366 315 50 0
MMI/Images/P0050_S1993_F0027_E3.png 3 238 311 368 317 50 0
MMI/Images/P0050_S1994_F0017_E3.png 3 242 314 377 323 50 0
MMI/Images/P0050_S1995_F0016_E3.png 3 229 311 361 317 50 0
MMI/Images/P0050_S1996_F0043_E4.png 4 220 292 354 292 50 0
MMI/Images/P0050_S1998_F0000_E0.png 0 236 317 370 316 50 0
MMI/Images/P0050_S1998_F0030_E4.png 4 211 300 346 289 50 0
MMI/Images/P0050_S1999_F0000_E0.png 0 239 289 375 294 50 0
MMI/Images/P0050_S1999_F0049_E4.png 4 231 276 366 278 50 0
MMI/Images/P0050_S2000_F0153_E5.png 5 229 337 358 333 50 0
MMI/Images/P0050_S2000_F0070_E5.png 5 233 332 360 326 50 0
MMI/Images/P0050_S2002_F0053_E5.png 5 214 362 343 354 50 0
MMI/Images/P0050_S2003_F0117_E0.png 0 239 326 377 326 50 0
MMI/Images/P0050_S2003_F0027_E4.png 4 253 306 385 313 50 0
MMI/Images/P0050_S2004_F0000_E0.png 0 241 321 372 326 50 0
MMI/Images/P0050_S2004_F0024_E6.png 6 238 305 369 313 50 0
MMI/Images/P0053_S2007_F0001_E0.png 0 259 261 349 262 53 0
MMI/Images/P0053_S2007_F0110_E4.png 4 252 255 343 256 53 0
MMI/Images/P0053_S2008_F0159_E4.png 4 260 254 350 257 53 0
MMI/Images/P0053_S2009_F0012_E0.png 0 256 275 346 277 53 0
MMI/Images/P0053_S2009_F0072_E4.png 4 257 243 347 246 53 0
MMI/Images/P0053_S2009_F0129_E4.png 4 255 265 345 268 53 0
MMI/Images/P0053_S2017_F0002_E0.png 0 273 249 361 251 53 0
MMI/Images/P0053_S2017_F0039_E4.png 4 277 250 361 251 53 0
MMI/Images/P0053_S2018_F0001_E0.png 0 275 256 360 255 53 0
MMI/Images/P0053_S2018_F0044_E4.png 4 278 247 365 250 53 0
MMI/Images/P0053_S2018_F0036_E4.png 4 275 246 361 248 53 0
MMI/Images/P0053_S2018_F0065_E4.png 4 276 242 365 247 53 0
MMI/Images/P0053_S2022_F0050_E2.png 2 274 238 361 237 53 0
MMI/Images/P0053_S2022_F0076_E2.png 2 270 237 357 237 53 0
MMI/Images/P0053_S2022_F0030_E2.png 2 275 237 360 236 53 0
MMI/Images/P0054_S2031_F0000_E0.png 0 303 250 386 258 54 0
MMI/Images/P0054_S2031_F0079_E4.png 4 305 249 389 259 54 0
MMI/Images/P0054_S2053_F0029_E2.png 2 294 248 377 251 54 0
MMI/Images/P0002_S0217_F0097_E0.png 0 510 321 583 319 2 0
MMI/Images/P0002_S0217_F0039_E1.png 1 507 330 581 328 2 0
MMI/Images/P0002_S0218_F0003_E0.png 0 509 320 584 318 2 0
MMI/Images/P0002_S0218_F0030_E1.png 1 510 322 584 319 2 0
MMI/Images/P0002_S0221_F0092_E0.png 0 502 345 576 345 2 0
MMI/Images/P0002_S0221_F0049_E2.png 2 500 343 573 342 2 0
MMI/Images/P0002_S0222_F0053_E2.png 2 501 342 575 340 2 0
MMI/Images/P0002_S0223_F0042_E3.png 3 482 334 555 331 2 0
MMI/Images/P0002_S0225_F0000_E0.png 0 505 347 580 345 2 0
MMI/Images/P0002_S0225_F0040_E4.png 4 512 337 586 336 2 0
MMI/Images/P0002_S0225_F0112_E4.png 4 506 350 580 346 2 0
MMI/Images/P0002_S0226_F0001_E0.png 0 512 348 587 346 2 0
MMI/Images/P0002_S0226_F0068_E4.png 4 513 347 587 344 2 0
MMI/Images/P0002_S0227_F0000_E0.png 0 494 343 569 344 2 0
MMI/Images/P0002_S0227_F0095_E0.png 0 502 340 577 343 2 0
MMI/Images/P0002_S0228_F0012_E0.png 0 503 342 578 345 2 0
MMI/Images/P0002_S0230_F0005_E0.png 0 493 345 569 344 2 0
MMI/Images/P0002_S0231_F0002_E0.png 0 495 316 569 316 2 0
MMI/Images/P0002_S0231_F0038_E5.png 5 497 320 571 319 2 0
MMI/Images/P0002_S0232_F0071_E5.png 5 493 322 566 319 2 0
MMI/Images/P0002_S0235_F0052_E6.png 6 504 343 579 344 2 0
MMI/Images/P0002_S0236_F0115_E0.png 0 508 342 583 346 2 0
MMI/Images/P0002_S0236_F0057_E6.png 6 505 343 580 345 2 0
MMI/Images/P0003_S0346_F0001_E0.png 0 226 324 284 327 3 0
MMI/Images/P0003_S0346_F0075_E3.png 3 221 330 279 330 3 0
MMI/Images/P0003_S0347_F0125_E0.png 0 211 323 269 325 3 0
MMI/Images/P0003_S0348_F0000_E0.png 0 178 351 237 351 3 0
MMI/Images/P0003_S0348_F0066_E4.png 4 179 347 237 344 3 0
MMI/Images/P0003_S0349_F0020_E0.png 0 195 325 255 323 3 0
MMI/Images/P0003_S0350_F0061_E6.png 6 186 363 244 361 3 0
MMI/Images/P0005_S0575_F0005_E0.png 0 136 282 195 280 5 0
MMI/Images/P0005_S0575_F0050_E2.png 2 148 288 208 288 5 0
MMI/Images/P0005_S0576_F0006_E0.png 0 133 283 193 281 5 0
MMI/Images/P0005_S0576_F0055_E4.png 4 146 277 207 279 5 0
MMI/Images/P0005_S0577_F0003_E0.png 0 136 288 196 286 5 0
MMI/Images/P0005_S0579_F0004_E0.png 0 139 282 199 280 5 0
MMI/Images/P0005_S0579_F0043_E6.png 6 142 279 202 280 5 0
MMI/Images/P0006_S0686_F0002_E0.png 0 181 294 235 292 6 0