CK/G1/S005_001_00000001.png 0 309 202 432 196 005 2
CK/G1/S005_001_00000009.png 2 307 202 436 196 005 2
CK/G1/S005_001_00000010.png 2 307 202 436 196 005 2
CK/G1/S005_001_00000011.png 2 308 202 436 196 005 2
CK/G1/S010_002_00000001.png 0 317 223 430 221 010 2
CK/G1/S010_002_00000012.png 6 316 217 433 215 010 2
CK/G1/S010_002_00000013.png 6 316 217 433 215 010 2
CK/G1/S010_002_00000014.png 6 316 217 433 215 010 2
CK/G1/S010_004_00000001.png 0 311 225 433 220 010 2
CK/G1/S010_004_00000017.png 1 314 228 432 222 010 2
CK/G1/S010_004_00000018.png 1 314 227 433 222 010 2
CK/G1/S010_004_00000019.png 1 314 227 433 221 010 2
CK/G1/S010_006_00000001.png 0 315 222 432 217 010 2
CK/G1/S010_006_00000013.png 4 315 219 431 215 010 2
CK/G1/S010_006_00000014.png 4 316 219 431 215 010 2
CK/G1/S010_006_00000015.png 4 316 219 431 215 010 2
CK/G1/S011_001_00000001.png 0 333 225 444 218 011 2
CK/G1/S011_001_00000014.png 6 333 222 450 215 011 2
CK/G1/S011_001_00000015.png 6 333 222 450 215 011 2
CK/G1/S011_001_00000016.png 6 333 222 450 215 011 2
CK/G1/S011_002_00000001.png 0 335 225 454 216 011 2
CK/G1/S011_002_00000020.png 5 337 228 451 220 011 2
CK/G1/S011_002_00000021.png 5 337 228 451 220 011 2
CK/G1/S011_002_00000022.png 5 337 228 451 220 011 2
CK/G1/S011_003_00000001.png 0 333 223 448 215 011 2
CK/G1/S011_003_00000012.png 3 327 216 445 209 011 2
CK/G1/S011_003_00000013.png 3 327 214 444 206 011 2
CK/G1/S011_003_00000014.png 3 326 212 444 204 011 2
CK/G1/S011_004_00000001.png 0 336 224 449 218 011 2
CK/G1/S011_004_00000019.png 1 335 229 453 223 011 2
CK/G1/S011_004_00000020.png 1 335 230 453 224 011 2
CK/G1/S011_004_00000021.png 1 335 230 454 224 011 2
CK/G1/S011_005_00000001.png 0 333 225 449 219 011 2
CK/G1/S011_005_00000018.png 2 331 229 450 223 011 2
CK/G1/S011_005_00000019.png 2 330 230 450 223 011 2
CK/G1/S011_005_00000020.png 2 330 230 450 223 011 2
CK/G1/S011_006_00000001.png 0 337 223 451 216 011 2
CK/G1/S011_006_00000011.png 4 335 223 453 218 011 2
CK/G1/S011_006_00000012.png 4 335 223 453 218 011 2
CK/G1/S011_006_00000013.png 4 335 223 453 218 011 2
CK/G1/S014_001_00000001.png 0 309 236 428 232 014 2
CK/G1/S014_001_00000027.png 6 310 234 429 229 014 2
CK/G1/S014_001_00000028.png 6 311 233 431 228 014 2
CK/G1/S014_001_00000029.png 6 311 233 431 229 014 2
CK/G1/S014_002_00000001.png 0 309 237 427 233 014 2
CK/G1/S014_002_00000014.png 5 307 239 428 237 014 2
CK/G1/S014_002_00000015.png 5 306 238 428 235 014 2
CK/G1/S014_002_00000016.png 5 307 237 428 235 014 2
CK/G1/S014_003_00000001.png 0 309 238 429 234 014 2
CK/G1/S014_003_00000028.png 1 312 237 429 233 014 2
CK/G1/S014_003_00000029.png 1 312 237 429 233 014 2
CK/G1/S014_003_00000030.png 1 312 237 429 233 014 2
CK/G1/S014_005_00000001.png 0 311 235 429 231 014 2
CK/G1/S014_005_00000015.png 4 310 233 431 229 014 2
CK/G1/S014_005_00000016.png 4 311 234 432 230 014 2
CK/G1/S014_005_00000017.png 4 312 234 433 230 014 2
CK/G1/S022_001_00000001.png 0 301 200 388 194 022 2
CK/G1/S022_001_00000028.png 6 298 194 384 188 022 2
CK/G1/S022_001_00000029.png 6 298 194 384 188 022 2
CK/G1/S022_001_00000030.png 6 298 194 384 188 022 2
CK/G1/S022_005_00000001.png 0 308 196 393 192 022 2
CK/G1/S022_005_00000030.png 1 307 198 392 193 022 2
CK/G1/S022_005_00000031.png 1 307 198 392 193 022 2
CK/G1/S022_005_00000032.png 1 307 199 393 194 022 2
CK/G1/S022_006_00000001.png 0 301 197 387 192 022 2
CK/G1/S022_006_00000015.png 2 299 197 387 191 022 2
CK/G1/S022_006_00000016.png 2 299 197 387 191 022 2
CK/G1/S022_006_00000017.png 2 300 197 387 192 022 2
CK/G1/S026_001_00000001.png 0 289 212 381 207 026 2
CK/G1/S026_001_00000013.png 6 291 194 382 188 026 2
CK/G1/S026_001_00000014.png 6 292 192 383 187 026 2
CK/G1/S026_001_00000015.png 6 293 192 384 186 026 2
CK/G1/S026_002_00000001.png 0 287 209 377 204 026 2
CK/G1/S026_002_00000014.png 5 287 209 377 205 026 2
CK/G1/S026_002_00000015.png 5 287 209 377 205 026 2
CK/G1/S026_002_00000016.png 5 287 209 377 205 026 2
CK/G1/S026_003_00000001.png 0 288 207 378 203 026 2
CK/G1/S026_003_00000013.png 1 290 213 380 207 026 2
CK/G1/S026_003_00000014.png 1 291 213 380 208 026 2
CK/G1/S026_003_00000015.png 1 291 213 380 208 026 2
CK/G1/S026_006_00000001.png 0 291 209 383 205 026 2
CK/G1/S026_006_00000011.png 4 290 207 382 202 026 2
CK/G1/S026_006_00000012.png 4 290 207 382 202 026 2
CK/G1/S026_006_00000013.png 4 290 207 382 202 026 2
CK/G1/S028_001_00000001.png 0 310 243 398 242 028 2
CK/G1/S028_001_00000022.png 1 311 244 397 243 028 2
CK/G1/S028_001_00000023.png 1 311 244 397 243 028 2
CK/G1/S028_001_00000024.png 1 311 244 397 243 028 2
CK/G1/S029_001_00000001.png 0 276 205 369 202 029 2
CK/G1/S029_001_00000017.png 1 277 208 369 203 029 2
CK/G1/S029_001_00000018.png 1 277 208 369 203 029 2
CK/G1/S029_001_00000019.png 1 277 207 369 203 029 2
CK/G1/S032_001_00000001.png 0 301 218 380 218 032 2
CK/G1/S032_001_00000020.png 6 296 208 379 208 032 2
CK/G1/S032_001_00000021.png 6 296 207 378 207 032 2
CK/G1/S032_001_00000022.png 6 296 206 378 206 032 2
CK/G1/S032_003_00000001.png 0 303 216 385 218 032 2
CK/G1/S032_003_00000015.png 1 302 221 382 224 032 2
CK/G1/S032_003_00000016.png 1 301 221 381 224 032 2
CK/G1/S032_003_00000017.png 1 301 221 381 225 032 2
CK/G1/S032_004_00000001.png 0 305 216 388 216 032 2
CK/G1/S032_004_00000012.png 3 305 216 385 217 032 2
CK/G1/S032_004_00000013.png 3 304 216 384 217 032 2
CK/G1/S032_004_00000014.png 3 303 216 383 217 032 2
CK/G1/S032_005_00000001.png 0 301 217 384 218 032 2
CK/G1/S032_005_00000014.png 2 300 218 384 219 032 2
CK/G1/S032_005_00000015.png 2 300 218 384 219 032 2
CK/G1/S032_005_00000016.png 2 300 219 383 220 032 2
CK/G1/S032_006_00000001.png 0 303 214 384 213 032 2
CK/G1/S032_006_00000014.png 4 301 215 383 215 032 2
CK/G1/S032_006_00000015.png 4 301 215 383 215 032 2
CK/G1/S032_006_00000016.png 4 301 215 383 216 032 2
CK/G1/S034_001_00000001.png 0 252 230 339 227 034 2
CK/G1/S034_001_00000027.png 6 250 225 338 223 034 2
CK/G1/S034_001_00000028.png 6 250 225 338 223 034 2
CK/G1/S034_001_00000029.png 6 250 225 338 223 034 2
CK/G1/S034_003_00000001.png 0 255 229 342 227 034 2
CK/G1/S034_003_00000025.png 1 256 232 342 229 034 2
CK/G1/S034_003_00000026.png 1 256 232 342 229 034 2
CK/G1/S034_003_00000027.png 1 256 232 342 229 034 2
CK/G1/S034_005_00000001.png 0 252 228 340 225 034 2
CK/G1/S034_005_00000008.png 4 252 227 340 224 034 2
CK/G1/S034_005_00000009.png 4 252 227 340 224 034 2
CK/G1/S034_005_00000010.png 4 252 227 340 224 034 2
CK/G1/S035_001_00000001.png 0 258 219 343 219 035 2
CK/G1/S035_001_00000013.png 6 261 214 346 212 035 2
CK/G1/S035_001_00000014.png 6 261 213 346 211 035 2
CK/G1/S035_001_00000015.png 6 262 212 347 210 035 2
CK/G1/S035_005_00000001.png 0 262 219 347 217 035 2
CK/G1/S035_005_00000017.png 2 261 219 347 218 035 2
CK/G1/S035_005_00000018.png 2 261 219 347 218 035 2
CK/G1/S035_005_00000019.png 2 261 219 347 217 035 2
CK/G1/S035_006_00000001.png 0 263 220 346 219 035 2
CK/G1/S035_006_00000016.png 4 263 220 349 220 035 2
CK/G1/S035_006_00000017.png 4 263 220 349 220 035 2
CK/G1/S035_006_00000018.png 4 263 220 349 220 035 2
CK/G1/S037_001_00000001.png 0 308 202 394 204 037 2
CK/G1/S037_001_00000018.png 6 314 206 399 208 037 2
CK/G1/S037_001_00000019.png 6 314 210 400 212 037 2
CK/G1/S037_001_00000020.png 6 314 213 400 214 037 2
CK/G1/S037_003_00000001.png 0 313 207 399 207 037 2
CK/G1/S037_003_00000020.png 1 315 210 397 211 037 2
CK/G1/S037_003_00000021.png 1 315 210 397 211 037 2
CK/G1/S037_003_00000022.png 1 315 211 397 212 037 2
CK/G1/S037_006_00000001.png 0 314 199 398 201 037 2
CK/G1/S037_006_00000019.png 4 315 197 400 198 037 2
CK/G1/S037_006_00000020.png 4 315 197 400 198 037 2
CK/G1/S037_006_00000021.png 4 315 197 400 198 037 2
CK/G2/S042_001_00000001.png 0 295 231 378 233 042 2
CK/G2/S042_001_00000017.png 6 294 228 378 230 042 2
CK/G2/S042_001_00000018.png 6 294 227 378 229 042 2
CK/G2/S042_001_00000019.png 6 294 227 377 228 042 2
CK/G2/S042_002_00000001.png 0 293 231 378 232 042 2
CK/G2/S042_002_00000014.png 5 293 231 378 232 042 2
CK/G2/S042_002_00000015.png 5 293 231 378 232 042 2
CK/G2/S042_002_00000016.png 5 293 231 377 232 042 2
CK/G2/S042_004_00000001.png 0 294 231 378 232 042 2
CK/G2/S042_004_00000018.png 1 293 230 377 231 042 2
CK/G2/S042_004_00000019.png 1 293 230 377 231 042 2
CK/G2/S042_004_00000020.png 1 293 230 377 232 042 2
CK/G2/S042_006_00000001.png 0 295 232 380 234 042 2
CK/G2/S042_006_00000015.png 4 295 229 380 232 042 2
CK/G2/S042_006_00000016.png 4 295 229 380 232 042 2
CK/G2/S042_006_00000017.png 4 295 229 379 232 042 2
CK/G2/S044_001_00000001.png 0 310 221 385 225 044 2
CK/G2/S044_001_00000022.png 6 310 218 385 222 044 2
CK/G2/S044_001_00000023.png 6 310 218 385 222 044 2
CK/G2/S044_001_00000024.png 6 310 219 386 222 044 2
CK/G2/S044_003_00000001.png 0 311 222 386 226 044 2
CK/G2/S044_003_00000012.png 4 311 222 386 226 044 2
CK/G2/S044_003_00000013.png 4 311 222 386 226 044 2
CK/G2/S044_003_00000014.png 4 311 222 386 226 044 2
CK/G2/S044_006_00000001.png 0 310 222 386 226 044 2
CK/G2/S044_006_00000017.png 2 311 221 386 225 044 2
CK/G2/S044_006_00000018.png 2 311 222 386 226 044 2
CK/G2/S044_006_00000019.png 2 311 222 386 226 044 2
CK/G2/S045_004_00000001.png 0 254 229 340 227 045 2
CK/G2/S045_004_00000013.png 2 253 232 345 228 045 2
CK/G2/S045_004_00000014.png 2 252 232 346 228 045 2
CK/G2/S045_004_00000015.png 2 252 232 346 228 045 2
CK/G2/S045_005_00000001.png 0 246 240 333 237 045 2
CK/G2/S045_005_00000028.png 1 246 236 329 233 045 2
CK/G2/S045_005_00000029.png 1 245 235 329 233 045 2
CK/G2/S045_005_00000030.png 1 245 235 329 233 045 2
CK/G2/S046_001_00000001.png 0 263 212 353 208 046 2
CK/G2/S046_001_00000023.png 5 261 212 350 206 046 2
CK/G2/S046_001_00000024.png 5 261 212 350 206 046 2
CK/G2/S046_001_00000025.png 5 261 212 350 206 046 2
CK/G2/S046_002_00000001.png 0 265 213 356 208 046 2
CK/G2/S046_002_00000004.png 6 265 209 356 203 046 2
CK/G2/S046_002_00000005.png 6 265 204 356 199 046 2
CK/G2/S046_002_00000006.png 6 264 200 356 196 046 2
CK/G2/S046_003_00000001.png 0 263 211 355 205 046 2
CK/G2/S046_003_00000014.png 3 264 207 354 203 046 2
CK/G2/S046_003_00000015.png 3 265 206 355 203 046 2
CK/G2/S046_003_00000016.png 3 265 206 355 202 046 2
CK/G2/S046_004_00000001.png 0 265 213 356 207 046 2
CK/G2/S046_004_00000015.png 2 266 214 357 209 046 2
CK/G2/S046_004_00000016.png 2 266 214 357 209 046 2
CK/G2/S046_004_00000017.png 2 266 214 357 209 046 2
CK/G2/S050_001_00000001.png 0 367 205 451 203 050 2
CK/G2/S050_001_00000015.png 3 370 199 452 198 050 2
CK/G2/S050_001_00000016.png 3 371 198 452 197 050 2
CK/G2/S050_001_00000017.png 3 371 198 452 197 050 2
CK/G2/S050_002_00000001.png 0 365 205 448 203 050 2
CK/G2/S050_002_00000016.png 6 368 181 451 181 050 2
CK/G2/S050_002_00000017.png 6 369 180 451 180 050 2
CK/G2/S050_002_00000018.png 6 369 180 451 180 050 2
CK/G2/S050_004_00000001.png 0 365 201 449 199 050 2
CK/G2/S050_004_00000019.png 1 365 205 448 204 050 2
CK/G2/S050_004_00000020.png 1 365 206 449 204 050 2
CK/G2/S050_004_00000021.png 1 366 206 449 205 050 2
CK/G2/S050_006_00000001.png 0 367 204 450 202 050 2
CK/G2/S050_006_00000021.png 4 370 196 453 195 050 2
CK/G2/S050_006_00000022.png 4 370 196 453 195 050 2
CK/G2/S050_006_00000023.png 4 371 196 453 195 050 2
CK/G2/S051_002_00000001.png 0 226 230 334 225 051 2
CK/G2/S051_002_00000017.png 6 223 191 329 185 051 2
CK/G2/S051_002_00000018.png 6 224 188 330 182 051 2
CK/G2/S051_002_00000019.png 6 226 187 331 181 051 2
CK/G2/S051_003_00000001.png 0 229 227 336 223 051 2
CK/G2/S051_003_00000016.png 2 244 243 342 231 051 2
CK/G2/S051_003_00000017.png 2 247 245 343 232 051 2
CK/G2/S051_003_00000018.png 2 249 245 345 231 051 2
CK/G2/S052_001_00000001.png 0 275 212 374 216 052 2
CK/G2/S052_001_00000013.png 6 273 204 375 208 052 2
CK/G2/S052_001_00000014.png 6 273 204 375 208 052 2
CK/G2/S052_001_00000015.png 6 273 204 375 208 052 2
CK/G2/S052_004_00000001.png 0 273 216 372 219 052 2
CK/G2/S052_004_00000031.png 4 270 218 371 219 052 2
CK/G2/S052_004_00000032.png 4 270 218 371 219 052 2
CK/G2/S052_004_00000033.png 4 270 218 371 219 052 2
CK/G2/S052_006_00000001.png 0 276 213 373 217 052 2
CK/G2/S052_006_00000011.png 2 276 212 374 215 052 2
CK/G2/S052_006_00000012.png 2 276 213 374 216 052 2
CK/G2/S052_006_00000013.png 2 276 213 374 216 052 2
CK/G2/S053_001_00000001.png 0 258 214 383 210 053 2
CK/G2/S053_001_00000021.png 6 258 198 384 195 053 2
CK/G2/S053_001_00000022.png 6 258 198 384 195 053 2
CK/G2/S053_001_00000023.png 6 258 198 384 195 053 2
CK/G2/S053_004_00000001.png 0 254 209 382 205 053 2
CK/G2/S053_004_00000022.png 4 253 209 379 203 053 2
CK/G2/S053_004_00000023.png 4 254 209 380 203 053 2
CK/G2/S053_004_00000024.png 4 254 209 380 204 053 2
CK/G2/S054_002_00000001.png 0 270 239 377 236 054 2
CK/G2/S054_002_00000013.png 3 274 243 379 241 054 2
CK/G2/S054_002_00000014.png 3 274 242 379 241 054 2
CK/G2/S054_002_00000015.png 3 275 241 379 240 054 2
CK/G2/S054_003_00000001.png 0 275 239 379 239 054 2
CK/G2/S054_003_00000005.png 6 273 238 377 237 054 2
CK/G2/S054_003_00000006.png 6 271 237 376 235 054 2
CK/G2/S054_003_00000007.png 6 269 235 374 233 054 2
CK/G2/S054_004_00000001.png 0 277 237 381 238 054 2
CK/G2/S054_004_00000022.png 2 276 248 381 247 054 2
CK/G2/S054_004_00000023.png 2 276 249 381 248 054 2
CK/G2/S054_004_00000024.png 2 277 249 381 248 054 2
CK/G2/S055_001_00000001.png 0 314 231 411 233 055 2
CK/G2/S055_001_00000010.png 6 313 220 416 223 055 2
CK/G2/S055_001_00000011.png 6 313 221 416 224 055 2
CK/G2/S055_001_00000012.png 6 313 221 416 225 055 2
CK/G2/S055_003_00000001.png 0 309 226 408 230 055 2
CK/G2/S055_003_00000007.png 2 308 226 408 230 055 2
CK/G2/S055_003_00000008.png 2 308 226 408 230 055 2
CK/G2/S055_003_00000009.png 2 307 227 408 230 055 2
CK/G2/S055_004_00000001.png 0 313 236 413 239 055 2
CK/G2/S055_004_00000026.png 1 315 240 412 243 055 2
CK/G2/S055_004_00000027.png 1 315 240 413 243 055 2
CK/G2/S055_004_00000028.png 1 315 240 413 243 055 2
CK/G2/S055_005_00000001.png 0 309 237 410 242 055 2
CK/G2/S055_005_00000043.png 4 309 227 409 231 055 2
CK/G2/S055_005_00000044.png 4 309 227 409 231 055 2
CK/G2/S055_005_00000045.png 4 309 226 408 231 055 2
CK/G2/S055_006_00000001.png 0 309 232 407 236 055 2
CK/G2/S055_006_00000006.png 3 311 232 408 236 055 2
CK/G2/S055_006_00000007.png 3 311 231 409 235 055 2
CK/G2/S055_006_00000008.png 3 310 230 409 234 055 2
CK/G2/S056_002_00000001.png 0 243 223 338 222 056 2
CK/G2/S056_002_00000008.png 2 243 221 338 221 056 2
CK/G2/S056_002_00000009.png 2 243 221 338 221 056 2
CK/G2/S056_002_00000010.png 2 243 221 338 221 056 2
CK/G2/S056_003_00000001.png 0 244 223 337 221 056 2
CK/G2/S056_003_00000008.png 6 246 206 336 204 056 2
CK/G2/S056_003_00000009.png 6 246 204 336 203 056 2
CK/G2/S056_003_00000010.png 6 246 203 336 202 056 2
CK/G2/S056_004_00000001.png 0 243 220 337 218 056 2
CK/G2/S056_004_00000018.png 4 240 212 334 209 056 2
CK/G2/S056_004_00000019.png 4 239 211 333 208 056 2
CK/G2/S056_004_00000020.png 4 239 210 333 207 056 2
CK/G2/S057_001_00000001.png 0 281 211 382 204 057 2
CK/G2/S057_001_00000017.png 6 282 209 383 203 057 2
CK/G2/S057_001_00000018.png 6 282 209 383 202 057 2
CK/G2/S057_001_00000019.png 6 281 209 382 203 057 2
CK/G2/S057_003_00000001.png 0 281 212 382 205 057 2
CK/G2/S057_003_00000013.png 2 281 212 383 206 057 2
CK/G2/S057_003_00000014.png 2 281 212 383 206 057 2
CK/G2/S057_003_00000015.png 2 281 212 382 206 057 2
CK/G2/S057_006_00000001.png 0 279 211 381 204 057 2
CK/G2/S057_006_00000031.png 4 281 207 381 201 057 2
CK/G2/S057_006_00000032.png 4 281 207 381 201 057 2
CK/G2/S057_006_00000033.png 4 281 207 381 201 057 2
CK/G3/S058_001_00000001.png 0 274 200 379 197 058 2
CK/G3/S058_001_00000018.png 6 273 195 379 192 058 2
CK/G3/S058_001_00000019.png 6 272 194 379 191 058 2
CK/G3/S058_001_00000020.png 6 272 194 379 191 058 2
CK/G3/S058_005_00000001.png 0 276 198 380 197 058 2
CK/G3/S058_005_00000008.png 1 274 200 379 198 058 2
CK/G3/S058_005_00000009.png 1 274 200 379 199 058 2
CK/G3/S058_005_00000010.png 1 274 200 379 199 058 2
CK/G3/S058_006_00000001.png 0 274 201 380 199 058 2
CK/G3/S058_006_00000016.png 2 273 201 378 198 058 2
CK/G3/S058_006_00000017.png 2 273 201 377 198 058 2
CK/G3/S058_006_00000018.png 2 273 201 377 198 058 2
CK/G3/S059_001_00000001.png 0 313 219 417 221 059 2
CK/G3/S059_001_00000016.png 6 316 210 420 215 059 2
CK/G3/S059_001_00000017.png 6 317 211 421 216 059 2
CK/G3/S059_001_00000018.png 6 317 212 421 217 059 2
CK/G3/S059_002_00000001.png 0 317 210 419 213 059 2
CK/G3/S059_002_00000015.png 3 315 210 419 214 059 2
CK/G3/S059_002_00000016.png 3 315 210 418 214 059 2
CK/G3/S059_002_00000017.png 3 315 210 418 215 059 2
CK/G3/S060_002_00000001.png 0 280 233 385 241 060 2
CK/G3/S060_002_00000024.png 4 280 236 387 243 060 2
CK/G3/S060_002_00000025.png 4 281 236 387 243 060 2
CK/G3/S060_002_00000026.png 4 281 237 388 243 060 2
CK/G3/S060_003_00000001.png 0 282 248 386 247 060 2
CK/G3/S060_003_00000016.png 6 276 224 382 227 060 2
CK/G3/S060_003_00000017.png 6 276 223 382 225 060 2
CK/G3/S060_003_00000018.png 6 275 221 382 224 060 2
CK/G3/S060_005_00000001.png 0 284 247 388 246 060 2
CK/G3/S060_005_00000019.png 2 284 248 390 246 060 2
CK/G3/S060_005_00000020.png 2 284 248 390 247 060 2
CK/G3/S060_005_00000021.png 2 284 248 390 247 060 2
CK/G3/S061_001_00000001.png 0 284 234 390 241 061 2
CK/G3/S061_001_00000010.png 6 284 231 390 238 061 2
CK/G3/S061_001_00000011.png 6 284 231 390 238 061 2
CK/G3/S061_001_00000012.png 6 284 232 390 238 061 2
CK/G3/S061_002_00000001.png 0 282 234 387 241 061 2
CK/G3/S061_002_00000013.png 4 283 232 388 240 061 2
CK/G3/S061_002_00000014.png 4 284 232 389 240 061 2
CK/G3/S061_002_00000015.png 4 284 232 389 240 061 2
CK/G3/S061_004_00000001.png 0 285 233 389 239 061 2
CK/G3/S061_004_00000020.png 2 285 232 389 239 061 2
CK/G3/S061_004_00000021.png 2 285 232 389 239 061 2
CK/G3/S061_004_00000022.png 2 285 232 389 239 061 2
CK/G3/S062_001_00000001.png 0 232 230 347 216 062 2
CK/G3/S062_001_00000015.png 3 231 227 346 213 062 2
CK/G3/S062_001_00000016.png 3 231 228 345 214 062 2
CK/G3/S062_001_00000017.png 3 230 228 345 214 062 2
CK/G3/S062_002_00000001.png 0 231 227 347 214 062 2
CK/G3/S062_002_00000014.png 6 230 222 347 208 062 2
CK/G3/S062_002_00000015.png 6 230 222 347 208 062 2
CK/G3/S062_002_00000016.png 6 230 221 347 207 062 2
CK/G3/S062_004_00000001.png 0 230 232 345 215 062 2
CK/G3/S062_004_00000022.png 4 231 231 347 215 062 2
CK/G3/S062_004_00000023.png 4 231 231 347 215 062 2
CK/G3/S062_004_00000024.png 4 231 232 347 215 062 2
CK/G3/S062_005_00000001.png 0 228 226 342 213 062 2
CK/G3/S062_005_00000027.png 2 223 236 341 220 062 2
CK/G3/S062_005_00000028.png 2 224 235 339 218 062 2
CK/G3/S062_005_00000029.png 2 224 234 339 217 062 2
CK/G3/S063_001_00000001.png 0 245 209 346 203 063 2
CK/G3/S063_001_00000011.png 6 243 199 347 191 063 2
CK/G3/S063_001_00000012.png 6 243 197 347 189 063 2
CK/G3/S063_001_00000013.png 6 243 196 346 188 063 2
CK/G3/S063_002_00000001.png 0 244 212 348 204 063 2
CK/G3/S063_002_00000021.png 4 244 210 347 203 063 2
CK/G3/S063_002_00000022.png 4 244 210 347 203 063 2
CK/G3/S063_002_00000023.png 4 244 210 347 203 063 2
CK/G3/S064_001_00000001.png 0 244 186 339 186 064 2
CK/G3/S064_001_00000010.png 6 245 179 341 182 064 2
CK/G3/S064_001_00000011.png 6 246 178 341 180 064 2
CK/G3/S064_001_00000012.png 6 246 177 342 179 064 2
CK/G3/S064_003_00000001.png 0 245 187 343 188 064 2
CK/G3/S064_003_00000023.png 4 247 171 345 173 064 2
CK/G3/S064_003_00000024.png 4 246 169 345 171 064 2
CK/G3/S064_003_00000025.png 4 246 168 345 170 064 2
CK/G3/S064_004_00000001.png 0 246 187 340 189 064 2
CK/G3/S064_004_00000012.png 5 245 188 342 188 064 2
CK/G3/S064_004_00000013.png 5 246 188 342 188 064 2
CK/G3/S064_004_00000014.png 5 246 188 342 189 064 2
CK/G3/S065_002_00000001.png 0 249 209 344 209 065 2
CK/G3/S065_002_00000020.png 3 254 208 350 209 065 2
CK/G3/S065_002_00000021.png 3 254 208 350 209 065 2
CK/G3/S065_002_00000022.png 3 254 208 350 209 065 2
CK/G3/S065_003_00000001.png 0 245 206 342 207 065 2
CK/G3/S065_003_00000020.png 6 246 202 342 203 065 2
CK/G3/S065_003_00000021.png 6 246 202 342 203 065 2
CK/G3/S065_003_00000022.png 6 246 202 342 203 065 2
CK/G3/S065_004_00000001.png 0 250 213 345 213 065 2
CK/G3/S065_004_00000026.png 4 252 215 345 214 065 2
CK/G3/S065_004_00000027.png 4 252 215 345 214 065 2
CK/G3/S065_004_00000028.png 4 253 215 345 214 065 2
CK/G3/S065_005_00000001.png 0 252 220 347 223 065 2
CK/G3/S065_005_00000006.png 2 253 222 347 224 065 2
CK/G3/S065_005_00000007.png 2 253 222 347 224 065 2
CK/G3/S065_005_00000008.png 2 253 222 347 224 065 2
CK/G3/S066_002_00000001.png 0 292 209 400 208 066 2
CK/G3/S066_002_00000020.png 6 292 205 397 204 066 2
CK/G3/S066_002_00000021.png 6 292 205 397 204 066 2
CK/G3/S066_002_00000022.png 6 292 205 397 204 066 2
CK/G3/S066_003_00000001.png 0 291 213 396 210 066 2
CK/G3/S066_003_00000010.png 4 291 215 396 214 066 2
CK/G3/S066_003_00000011.png 4 291 215 396 214 066 2
CK/G3/S066_003_00000012.png 4 291 215 396 214 066 2
CK/G3/S066_004_00000001.png 0 298 208 400 206 066 2
CK/G3/S066_004_00000008.png 5 299 209 400 208 066 2
CK/G3/S066_004_00000009.png 5 299 209 400 208 066 2
CK/G3/S066_004_00000010.png 5 299 209 400 208 066 2
CK/G3/S066_005_00000001.png 0 295 212 397 212 066 2
CK/G3/S066_005_00000009.png 1 295 214 397 214 066 2
CK/G3/S066_005_00000010.png 1 295 214 397 214 066 2
CK/G3/S066_005_00000011.png 1 295 215 397 214 066 2
CK/G3/S067_002_00000001.png 0 278 222 384 219 067 2
CK/G3/S067_002_00000012.png 6 271 217 377 213 067 2
CK/G3/S067_002_00000013.png 6 270 219 376 214 067 2
CK/G3/S067_002_00000014.png 6 269 220 375 215 067 2
CK/G3/S067_004_00000001.png 0 276 224 384 220 067 2
CK/G3/S067_004_00000021.png 1 278 236 382 233 067 2
CK/G3/S067_004_00000022.png 1 278 238 383 235 067 2
CK/G3/S067_004_00000023.png 1 279 240 383 237 067 2
CK/G3/S067_005_00000001.png 0 270 223 375 216 067 2
CK/G3/S067_005_00000020.png 4 273 227 380 220 067 2
CK/G3/S067_005_00000021.png 4 273 228 380 221 067 2
CK/G3/S067_005_00000022.png 4 274 228 380 221 067 2
CK/G3/S067_006_00000001.png 0 270 223 375 215 067 2
CK/G3/S067_006_00000009.png 2 272 221 374 217 067 2
CK/G3/S067_006_00000010.png 2 272 221 374 216 067 2
CK/G3/S067_006_00000011.png 2 272 221 374 216 067 2
CK/G3/S068_002_00000001.png 0 218 230 316 234 068 2
CK/G3/S068_002_00000013.png 4 218 230 315 234 068 2
CK/G3/S068_002_00000014.png 4 218 230 315 234 068 2
CK/G3/S068_002_00000015.png 4 218 230 315 234 068 2
CK/G3/S068_003_00000001.png 0 210 230 306 230 068 2
CK/G3/S068_003_00000012.png 6 210 228 306 227 068 2
CK/G3/S068_003_00000013.png 6 210 228 307 227 068 2
CK/G3/S068_003_00000014.png 6 210 228 307 227 068 2
CK/G3/S068_004_00000001.png 0 213 231 309 232 068 2
CK/G3/S068_004_00000008.png 3 214 232 310 232 068 2
CK/G3/S068_004_00000009.png 3 214 232 310 232 068 2
CK/G3/S068_004_00000010.png 3 214 232 310 232 068 2
CK/G3/S068_005_00000001.png 0 210 231 307 229 068 2
CK/G3/S068_005_00000019.png 2 213 233 306 231 068 2
CK/G3/S068_005_00000020.png 2 213 233 306 231 068 2
CK/G3/S068_005_00000021.png 2 213 233 306 231 068 2
CK/G3/S069_002_00000001.png 0 255 241 363 232 069 2
CK/G3/S069_002_00000012.png 6 251 231 360 223 069 2
CK/G3/S069_002_00000013.png 6 251 231 360 224 069 2
CK/G3/S069_002_00000014.png 6 251 232 360 225 069 2
CK/G3/S069_003_00000001.png 0 258 241 366 233 069 2
CK/G3/S069_003_00000009.png 2 258 240 366 232 069 2
CK/G3/S069_003_00000010.png 2 258 240 366 233 069 2
CK/G3/S069_003_00000011.png 2 258 240 366 233 069 2
CK/G3/S069_004_00000001.png 0 255 237 363 229 069 2
CK/G3/S069_004_00000015.png 4 255 237 362 229 069 2
CK/G3/S069_004_00000016.png 4 255 237 363 229 069 2
CK/G3/S069_004_00000017.png 4 256 236 363 229 069 2
CK/G4/S070_002_00000001.png 0 286 211 386 212 070 2
CK/G4/S070_002_00000014.png 6 283 217 388 218 070 2
CK/G4/S070_002_00000015.png 6 284 208 385 208 070 2
CK/G4/S070_002_00000016.png 6 284 207 385 208 070 2
CK/G4/S070_003_00000001.png 0 285 212 386 213 070 2
CK/G4/S070_003_00000015.png 4 286 212 386 213 070 2
CK/G4/S070_003_00000016.png 4 286 211 386 213 070 2
CK/G4/S070_003_00000017.png 4 286 211 386 213 070 2
CK/G4/S070_005_00000001.png 0 285 212 385 213 070 2
CK/G4/S070_005_00000014.png 2 286 212 386 214 070 2
CK/G4/S070_005_00000015.png 2 286 211 386 214 070 2
CK/G4/S070_005_00000016.png 2 286 211 386 214 070 2
CK/G4/S071_001_00000001.png 0 292 177 394 183 071 2
CK/G4/S071_001_00000011.png 6 291 176 394 182 071 2
CK/G4/S071_001_00000012.png 6 291 176 394 182 071 2
CK/G4/S071_001_00000013.png 6 292 176 395 183 071 2
CK/G4/S071_002_00000001.png 0 293 178 393 183 071 2
CK/G4/S071_002_00000018.png 5 293 178 393 183 071 2
CK/G4/S071_002_00000019.png 5 293 179 393 183 071 2
CK/G4/S071_002_00000020.png 5 293 178 393 183 071 2
CK/G4/S071_004_00000001.png 0 292 178 392 183 071 2
CK/G4/S071_004_00000026.png 1 292 180 393 186 071 2
CK/G4/S071_004_00000027.png 1 293 181 393 186 071 2
CK/G4/S071_004_00000028.png 1 293 181 393 187 071 2
CK/G4/S071_005_00000001.png 0 292 175 393 180 071 2
CK/G4/S071_005_00000019.png 4 290 176 391 181 071 2
CK/G4/S071_005_00000020.png 4 290 176 391 182 071 2
CK/G4/S071_005_00000021.png 4 290 176 391 182 071 2
CK/G4/S071_006_00000001.png 0 291 179 390 184 071 2
CK/G4/S071_006_00000012.png 2 291 178 391 182 071 2
CK/G4/S071_006_00000013.png 2 291 178 390 182 071 2
CK/G4/S071_006_00000014.png 2 291 179 391 182 071 2
CK/G4/S072_005_00000001.png 0 285 231 384 230 072 2
CK/G4/S072_005_00000017.png 1 289 246 388 246 072 2
CK/G4/S072_005_00000018.png 1 289 247 388 246 072 2
CK/G4/S072_005_00000019.png 1 289 247 388 247 072 2
CK/G4/S072_006_00000001.png 0 285 227 384 226 072 2
CK/G4/S072_006_00000020.png 4 287 228 385 228 072 2
CK/G4/S072_006_00000021.png 4 286 228 385 228 072 2
CK/G4/S072_006_00000022.png 4 286 228 385 228 072 2
CK/G4/S073_001_00000001.png 0 253 211 361 209 073 2
CK/G4/S073_001_00000011.png 6 251 207 362 207 073 2
CK/G4/S073_001_00000012.png 6 251 205 362 205 073 2
CK/G4/S073_001_00000013.png 6 251 203 362 204 073 2
CK/G4/S073_006_00000001.png 0 252 214 360 209 073 2
CK/G4/S073_006_00000012.png 2 252 215 362 211 073 2
CK/G4/S073_006_00000013.png 2 252 215 362 212 073 2
CK/G4/S073_006_00000014.png 2 252 215 362 212 073 2
CK/G4/S074_001_00000001.png 0 245 231 346 233 074 2
CK/G4/S074_001_00000018.png 3 245 226 345 229 074 2
CK/G4/S074_001_00000019.png 3 245 227 345 229 074 2
CK/G4/S074_001_00000020.png 3 245 227 345 230 074 2
CK/G4/S074_002_00000001.png 0 249 233 348 234 074 2
CK/G4/S074_002_00000014.png 6 248 224 349 225 074 2
CK/G4/S074_002_00000015.png 6 248 224 349 225 074 2
CK/G4/S074_002_00000016.png 6 248 224 349 225 074 2
CK/G4/S074_004_00000001.png 0 248 231 349 233 074 2
CK/G4/S074_004_00000016.png 2 249 232 348 234 074 2
CK/G4/S074_004_00000017.png 2 249 232 348 234 074 2
CK/G4/S074_004_00000018.png 2 249 232 348 234 074 2
CK/G4/S074_005_00000001.png 0 246 231 345 233 074 2
CK/G4/S074_005_00000041.png 4 246 230 349 233 074 2
CK/G4/S074_005_00000042.png 4 246 230 349 233 074 2
CK/G4/S074_005_00000043.png 4 246 230 349 233 074 2
CK/G4/S075_002_00000001.png 0 246 226 353 231 075 2
CK/G4/S075_002_00000012.png 6 243 215 352 218 075 2
CK/G4/S075_002_00000013.png 6 243 214 352 217 075 2
CK/G4/S075_002_00000014.png 6 243 212 352 216 075 2
CK/G4/S075_005_00000001.png 0 244 227 352 231 075 2
CK/G4/S075_005_00000010.png 2 243 227 352 231 075 2
CK/G4/S075_005_00000011.png 2 243 227 352 231 075 2
CK/G4/S075_005_00000012.png 2 243 227 352 231 075 2
CK/G4/S075_006_00000001.png 0 245 226 354 231 075 2
CK/G4/S075_006_00000023.png 4 245 224 354 229 075 2
CK/G4/S075_006_00000024.png 4 245 224 354 229 075 2
CK/G4/S075_006_00000025.png 4 245 225 353 230 075 2
CK/G4/S075_008_00000001.png 0 246 210 352 215 075 2
CK/G4/S075_008_00000010.png 1 249 213 354 217 075 2
CK/G4/S075_008_00000011.png 1 249 213 354 218 075 2
CK/G4/S075_008_00000012.png 1 249 213 354 218 075 2
CK/G4/S076_001_00000001.png 0 255 220 365 221 076 2
CK/G4/S076_001_00000015.png 6 253 210 362 211 076 2
CK/G4/S076_001_00000016.png 6 253 208 362 210 076 2
CK/G4/S076_001_00000017.png 6 253 208 363 210 076 2
CK/G4/S076_005_00000001.png 0 256 222 364 222 076 2
CK/G4/S076_005_00000010.png 2 256 222 364 222 076 2
CK/G4/S076_005_00000011.png 2 255 222 364 222 076 2
CK/G4/S076_005_00000012.png 2 255 222 364 222 076 2
CK/G4/S076_006_00000001.png 0 263 219 369 222 076 2
CK/G4/S076_006_00000017.png 4 262 218 368 220 076 2
CK/G4/S076_006_00000018.png 4 263 218 368 220 076 2
CK/G4/S076_006_00000019.png 4 263 217 368 219 076 2
CK/G4/S077_001_00000001.png 0 263 167 361 165 077 2
CK/G4/S077_001_00000026.png 6 264 163 362 162 077 2
CK/G4/S077_001_00000027.png 6 264 163 362 162 077 2
CK/G4/S077_001_00000028.png 6 265 162 362 162 077 2
CK/G4/S077_006_00000001.png 0 266 166 363 164 077 2
CK/G4/S077_006_00000012.png 2 267 169 362 167 077 2
CK/G4/S077_006_00000013.png 2 267 169 362 167 077 2
CK/G4/S077_006_00000014.png 2 267 169 362 167 077 2
CK/G4/S078_001_00000001.png 0 266 207 356 206 078 2
CK/G4/S078_001_00000031.png 6 262 203 357 202 078 2
CK/G4/S078_001_00000032.png 6 262 203 357 202 078 2
CK/G4/S078_001_00000033.png 6 262 203 357 202 078 2
CK/G4/S078_004_00000001.png 0 269 203 359 203 078 2
CK/G4/S078_004_00000025.png 4 265 205 357 203 078 2
CK/G4/S078_004_00000026.png 4 265 205 357 203 078 2
CK/G4/S078_004_00000027.png 4 264 205 357 203 078 2
CK/G4/S078_007_00000001.png 0 261 204 353 203 078 2
CK/G4/S078_007_00000011.png 2 261 206 356 205 078 2
CK/G4/S078_007_00000012.png 2 261 206 356 205 078 2
CK/G4/S078_007_00000013.png 2 261 206 356 205 078 2
CK/G4/S079_001_00000001.png 0 224 222 335 219 079 2
CK/G4/S079_001_00000010.png 6 223 219 334 216 079 2
CK/G4/S079_001_00000011.png 6 223 218 334 215 079 2
CK/G4/S079_001_00000012.png 6 223 217 334 214 079 2
CK/G4/S079_002_00000001.png 0 228 224 339 223 079 2
CK/G4/S079_002_00000010.png 2 224 231 340 230 079 2
CK/G4/S079_002_00000011.png 2 224 231 340 230 079 2
CK/G4/S079_002_00000012.png 2 224 231 340 230 079 2
CK/G4/S079_004_00000001.png 0 221 218 333 215 079 2
CK/G4/S079_004_00000024.png 4 221 216 331 212 079 2
CK/G4/S079_004_00000025.png 4 221 216 332 212 079 2
CK/G4/S079_004_00000026.png 4 222 216 333 212 079 2
CK/G4/S080_001_00000001.png 0 262 205 363 200 080 2
CK/G4/S080_001_00000016.png 6 262 189 363 182 080 2
CK/G4/S080_001_00000017.png 6 262 189 363 182 080 2
CK/G4/S080_001_00000018.png 6 262 189 364 182 080 2
CK/G4/S080_005_00000001.png 0 259 203 360 197 080 2
CK/G4/S080_005_00000011.png 5 260 200 358 190 080 2
CK/G4/S080_005_00000012.png 5 260 200 358 190 080 2
CK/G4/S080_005_00000013.png 5 260 200 358 190 080 2
CK/G4/S080_008_00000001.png 0 265 198 363 193 080 2
CK/G4/S080_008_00000007.png 2 265 197 363 192 080 2
CK/G4/S080_008_00000008.png 2 265 197 363 192 080 2
CK/G4/S080_008_00000009.png 2 265 197 363 192 080 2
CK/G4/S081_001_00000001.png 0 276 187 378 190 081 2
CK/G4/S081_001_00000017.png 6 272 200 379 203 081 2
CK/G4/S081_001_00000018.png 6 272 201 379 204 081 2
CK/G4/S081_001_00000019.png 6 272 202 379 206 081 2
CK/G4/S081_002_00000001.png 0 272 188 378 190 081 2
CK/G4/S081_002_00000022.png 5 272 187 377 191 081 2
CK/G4/S081_002_00000023.png 5 272 188 377 192 081 2
CK/G4/S081_002_00000024.png 5 272 188 377 192 081 2
CK/G4/S081_008_00000001.png 0 277 185 377 189 081 2
CK/G4/S081_008_00000009.png 2 276 185 380 190 081 2
CK/G4/S081_008_00000010.png 2 276 186 379 191 081 2
CK/G4/S081_008_00000011.png 2 276 186 379 190 081 2
CK/G5/S082_001_00000001.png 0 274 198 370 197 082 2
CK/G5/S082_001_00000013.png 6 275 178 373 179 082 2
CK/G5/S082_001_00000014.png 6 275 177 373 178 082 2
CK/G5/S082_001_00000015.png 6 275 177 373 178 082 2
CK/G5/S082_005_00000001.png 0 275 199 373 199 082 2
CK/G5/S082_005_00000015.png 1 275 200 373 200 082 2
CK/G5/S082_005_00000016.png 1 275 202 373 200 082 2
CK/G5/S082_005_00000017.png 1 275 200 373 200 082 2
CK/G5/S082_007_00000001.png 0 272 204 370 202 082 2
CK/G5/S082_007_00000008.png 2 272 204 370 202 082 2
CK/G5/S082_007_00000009.png 2 272 203 370 202 082 2
CK/G5/S082_007_00000010.png 2 272 201 370 200 082 2
CK/G5/S083_003_00000001.png 0 237 210 348 213 083 2
CK/G5/S083_003_00000017.png 4 237 212 348 216 083 2
CK/G5/S083_003_00000018.png 4 237 211 348 216 083 2
CK/G5/S083_003_00000019.png 4 236 211 348 215 083 2
CK/G5/S084_001_00000001.png 0 260 170 358 170 084 2
CK/G5/S084_001_00000008.png 6 257 168 356 168 084 2
CK/G5/S084_001_00000009.png 6 257 168 356 168 084 2
CK/G5/S084_001_00000010.png 6 257 168 355 167 084 2
CK/G5/S084_002_00000001.png 0 256 171 354 170 084 2
CK/G5/S084_002_00000021.png 3 249 172 348 168 084 2
CK/G5/S084_002_00000022.png 3 249 171 348 167 084 2
CK/G5/S084_002_00000023.png 3 248 171 347 167 084 2
CK/G5/S085_002_00000001.png 0 250 173 350 176 085 2
CK/G5/S085_002_00000012.png 4 250 174 351 175 085 2
CK/G5/S085_002_00000013.png 4 250 174 351 175 085 2
CK/G5/S085_002_00000014.png 4 251 173 351 175 085 2
CK/G5/S085_003_00000001.png 0 255 165 354 167 085 2
CK/G5/S085_003_00000011.png 6 259 154 359 155 085 2
CK/G5/S085_003_00000012.png 6 259 153 359 154 085 2
CK/G5/S085_003_00000013.png 6 258 152 358 153 085 2
CK/G5/S085_004_00000001.png 0 251 167 350 169 085 2
CK/G5/S085_004_00000015.png 2 255 172 346 175 085 2
CK/G5/S085_004_00000016.png 2 255 173 346 175 085 2
CK/G5/S085_004_00000017.png 2 254 172 346 175 085 2
CK/G5/S086_001_00000001.png 0 216 168 320 170 086 2
CK/G5/S086_001_00000017.png 6 216 156 316 159 086 2
CK/G5/S086_001_00000018.png 6 216 156 316 159 086 2
CK/G5/S086_001_00000019.png 6 217 156 316 159 086 2
CK/G5/S086_002_00000001.png 0 217 169 317 171 086 2
CK/G5/S086_002_00000013.png 4 216 170 317 171 086 2
CK/G5/S086_002_00000014.png 4 216 170 317 171 086 2
CK/G5/S086_002_00000015.png 4 216 170 317 171 086 2
CK/G5/S087_001_00000001.png 0 246 156 346 156 087 2
CK/G5/S087_001_00000009.png 6 245 141 345 140 087 2
CK/G5/S087_001_00000010.png 6 245 137 345 137 087 2
CK/G5/S087_001_00000011.png 6 245 134 346 134 087 2
CK/G5/S087_004_00000001.png 0 246 157 346 157 087 2
CK/G5/S087_004_00000010.png 2 246 159 346 158 087 2
CK/G5/S087_004_00000011.png 2 246 159 346 158 087 2
CK/G5/S087_004_00000012.png 2 246 159 346 158 087 2
CK/G5/S087_005_00000001.png 0 251 150 351 150 087 2
CK/G5/S087_005_00000010.png 4 251 149 350 148 087 2
CK/G5/S087_005_00000011.png 4 251 148 350 148 087 2
CK/G5/S087_005_00000012.png 4 251 148 350 148 087 2
CK/G5/S087_007_00000001.png 0 256 150 354 151 087 2
CK/G5/S087_007_00000014.png 1 257 151 355 153 087 2
CK/G5/S087_007_00000015.png 1 257 151 355 154 087 2
CK/G5/S087_007_00000016.png 1 257 151 355 154 087 2
CK/G5/S088_001_00000001.png 0 224 211 329 204 088 2
CK/G5/S088_001_00000015.png 6 224 212 328 203 088 2
CK/G5/S088_001_00000016.png 6 224 212 328 204 088 2
CK/G5/S088_001_00000017.png 6 225 213 328 205 088 2
CK/G5/S088_004_00000001.png 0 224 211 328 205 088 2
CK/G5/S088_004_00000018.png 2 222 212 328 206 088 2
CK/G5/S088_004_00000019.png 2 222 212 328 206 088 2
CK/G5/S088_004_00000020.png 2 222 212 328 206 088 2
CK/G5/S089_001_00000001.png 0 228 187 328 183 089 2
CK/G5/S089_001_00000014.png 6 227 173 328 171 089 2
CK/G5/S089_001_00000015.png 6 227 172 328 169 089 2
CK/G5/S089_001_00000016.png 6 226 171 327 168 089 2
CK/G5/S089_002_00000001.png 0 233 183 334 183 089 2
CK/G5/S089_002_00000019.png 4 232 184 333 183 089 2
CK/G5/S089_002_00000020.png 4 232 184 333 183 089 2
CK/G5/S089_002_00000021.png 4 232 184 333 183 089 2
CK/G5/S089_003_00000001.png 0 223 190 325 187 089 2
CK/G5/S089_003_00000034.png 1 224 199 334 197 089 2
CK/G5/S089_003_00000035.png 1 224 199 334 197 089 2
CK/G5/S089_003_00000036.png 1 224 199 334 197 089 2
CK/G5/S090_002_00000001.png 0 251 140 355 138 090 2
CK/G5/S090_002_00000009.png 6 250 136 355 135 090 2
CK/G5/S090_002_00000010.png 6 250 135 354 134 090 2
CK/G5/S090_002_00000011.png 6 250 135 354 133 090 2
CK/G5/S090_006_00000001.png 0 252 141 355 140 090 2
CK/G5/S090_006_00000009.png 2 250 141 353 141 090 2
CK/G5/S090_006_00000010.png 2 250 141 353 140 090 2
CK/G5/S090_006_00000011.png 2 251 141 353 140 090 2
CK/G5/S090_007_00000001.png 0 250 141 353 139 090 2
CK/G5/S090_007_00000012.png 1 250 140 351 140 090 2
CK/G5/S090_007_00000013.png 1 249 140 351 140 090 2
CK/G5/S090_007_00000014.png 1 249 140 351 140 090 2
CK/G5/S091_001_00000001.png 0 209 163 320 163 091 2
CK/G5/S091_001_00000013.png 3 210 161 320 160 091 2
CK/G5/S091_001_00000014.png 3 210 161 320 160 091 2
CK/G5/S091_001_00000015.png 3 210 161 320 160 091 2
CK/G5/S091_003_00000001.png 0 211 170 317 169 091 2
CK/G5/S091_003_00000019.png 4 211 170 317 167 091 2
CK/G5/S091_003_00000020.png 4 211 170 317 167 091 2
CK/G5/S091_003_00000021.png 4 211 170 317 167 091 2
CK/G5/S092_001_00000001.png 0 238 211 340 204 092 2
CK/G5/S092_001_00000015.png 6 235 200 338 194 092 2
CK/G5/S092_001_00000016.png 6 235 199 337 192 092 2
CK/G5/S092_001_00000017.png 6 235 199 337 192 092 2
CK/G5/S092_003_00000001.png 0 243 213 344 207 092 2
CK/G5/S092_003_00000012.png 1 245 213 345 207 092 2
CK/G5/S092_003_00000013.png 1 245 213 345 207 092 2
CK/G5/S092_003_00000014.png 1 244 213 344 207 092 2
CK/G5/S092_004_00000001.png 0 241 213 343 207 092 2
CK/G5/S092_004_00000022.png 4 243 213 344 208 092 2
CK/G5/S092_004_00000023.png 4 244 212 344 207 092 2
CK/G5/S092_004_00000024.png 4 244 211 344 206 092 2
CK/G5/S093_001_00000001.png 0 249 147 348 147 093 2
CK/G5/S093_001_00000018.png 5 245 154 347 155 093 2
CK/G5/S093_001_00000019.png 5 245 154 347 154 093 2
CK/G5/S093_001_00000020.png 5 245 153 347 153 093 2
CK/G5/S093_004_00000001.png 0 251 140 353 138 093 2
CK/G5/S093_004_00000014.png 4 250 145 352 143 093 2
CK/G5/S093_004_00000015.png 4 250 144 353 142 093 2
CK/G5/S093_004_00000016.png 4 251 144 353 142 093 2
CK/G5/S094_001_00000001.png 0 257 161 354 164 094 2
CK/G5/S094_001_00000008.png 6 255 160 353 163 094 2
CK/G5/S094_001_00000009.png 6 254 160 352 164 094 2
CK/G5/S094_001_00000010.png 6 253 161 351 164 094 2
CK/G5/S094_004_00000001.png 0 253 163 351 168 094 2
CK/G5/S094_004_00000010.png 4 252 164 351 167 094 2
CK/G5/S094_004_00000011.png 4 252 164 351 167 094 2
CK/G5/S094_004_00000012.png 4 252 164 351 167 094 2
CK/G5/S095_001_00000001.png 0 269 173 370 182 095 2
CK/G5/S095_001_00000014.png 6 268 172 372 179 095 2
CK/G5/S095_001_00000015.png 6 268 172 372 179 095 2
CK/G5/S095_001_00000016.png 6 268 172 372 179 095 2
CK/G5/S095_006_00000001.png 0 268 174 372 181 095 2
CK/G5/S095_006_00000011.png 2 268 174 372 183 095 2
CK/G5/S095_006_00000012.png 2 268 174 372 183 095 2
CK/G5/S095_006_00000013.png 2 268 175 372 183 095 2
CK/G5/S095_007_00000001.png 0 274 174 376 181 095 2
CK/G5/S095_007_00000019.png 4 274 174 376 183 095 2
CK/G5/S095_007_00000020.png 4 274 174 376 183 095 2
CK/G5/S095_007_00000021.png 4 274 174 376 183 095 2
CK/G5/S095_010_00000001.png 0 272 179 374 186 095 2
CK/G5/S095_010_00000012.png 5 271 181 372 188 095 2
CK/G5/S095_010_00000013.png 5 270 181 372 188 095 2
CK/G5/S095_010_00000014.png 5 270 181 371 188 095 2
CK/G5/S096_001_00000001.png 0 257 197 360 188 096 2
CK/G5/S096_001_00000005.png 6 257 194 360 186 096 2
CK/G5/S096_001_00000006.png 6 257 192 360 184 096 2
CK/G5/S096_001_00000007.png 6 257 190 360 182 096 2
CK/G5/S096_003_00000001.png 0 257 198 359 188 096 2
CK/G5/S096_003_00000010.png 2 257 197 358 189 096 2
CK/G5/S096_003_00000011.png 2 257 197 358 188 096 2
CK/G5/S096_003_00000012.png 2 257 197 358 188 096 2
CK/G5/S096_004_00000001.png 0 260 192 362 185 096 2
CK/G5/S096_004_00000009.png 4 261 194 362 186 096 2
CK/G5/S096_004_00000010.png 4 261 194 362 186 096 2
CK/G5/S096_004_00000011.png 4 261 193 362 186 096 2
CK/G6/S097_001_00000001.png 0 262 164 360 168 097 2
CK/G6/S097_001_00000019.png 6 262 145 364 150 097 2
CK/G6/S097_001_00000020.png 6 262 144 364 149 097 2
CK/G6/S097_001_00000021.png 6 262 144 364 149 097 2
CK/G6/S097_004_00000001.png 0 263 163 363 166 097 2
CK/G6/S097_004_00000028.png 2 261 166 359 168 097 2
CK/G6/S097_004_00000029.png 2 261 166 359 168 097 2
CK/G6/S097_004_00000030.png 2 260 166 359 168 097 2
CK/G6/S097_006_00000001.png 0 262 161 362 165 097 2
CK/G6/S097_006_00000017.png 4 262 161 362 164 097 2
CK/G6/S097_006_00000018.png 4 262 161 362 164 097 2
CK/G6/S097_006_00000019.png 4 262 161 362 165 097 2
CK/G6/S098_003_00000001.png 0 213 177 319 178 098 2
CK/G6/S098_003_00000011.png 2 213 177 319 177 098 2
CK/G6/S098_003_00000012.png 2 213 177 319 178 098 2
CK/G6/S098_003_00000013.png 2 213 178 319 178 098 2
CK/G6/S098_004_00000001.png 0 215 175 319 176 098 2
CK/G6/S098_004_00000013.png 4 215 171 320 174 098 2
CK/G6/S098_004_00000014.png 4 215 171 320 174 098 2
CK/G6/S098_004_00000015.png 4 215 171 320 174 098 2
CK/G6/S099_001_00000001.png 0 244 184 349 181 099 2
CK/G6/S099_001_00000012.png 6 242 171 346 171 099 2
CK/G6/S099_001_00000013.png 6 242 170 345 169 099 2
CK/G6/S099_001_00000014.png 6 241 168 345 167 099 2
CK/G6/S099_004_00000001.png 0 245 179 348 177 099 2
CK/G6/S099_004_00000013.png 4 243 169 346 168 099 2
CK/G6/S099_004_00000014.png 4 242 167 345 167 099 2
CK/G6/S099_004_00000015.png 4 242 166 345 165 099 2
CK/G6/S099_007_00000001.png 0 245 182 346 179 099 2
CK/G6/S099_007_00000010.png 2 245 184 350 182 099 2
CK/G6/S099_007_00000011.png 2 244 184 350 182 099 2
CK/G6/S099_007_00000012.png 2 244 184 350 182 099 2
CK/G6/S100_002_00000001.png 0 247 173 359 178 100 2
CK/G6/S100_002_00000013.png 6 245 172 357 177 100 2
CK/G6/S100_002_00000014.png 6 245 172 356 177 100 2
CK/G6/S100_002_00000015.png 6 244 172 355 177 100 2
CK/G6/S100_005_00000001.png 0 250 172 361 178 100 2
CK/G6/S100_005_00000021.png 1 252 177 360 183 100 2
CK/G6/S100_005_00000022.png 1 252 178 360 183 100 2
CK/G6/S100_005_00000023.png 1 252 178 360 183 100 2
CK/G6/S100_006_00000001.png 0 251 172 362 178 100 2
CK/G6/S100_006_00000014.png 4 251 171 362 176 100 2
CK/G6/S100_006_00000015.png 4 251 171 362 176 100 2
CK/G6/S100_006_00000016.png 4 251 171 362 176 100 2
CK/G6/S101_002_00000001.png 0 266 184 366 184 101 2
CK/G6/S101_002_00000017.png 6 270 164 370 164 101 2
CK/G6/S101_002_00000018.png 6 271 163 371 163 101 2
CK/G6/S101_002_00000019.png 6 272 162 372 162 101 2
CK/G6/S102_002_00000001.png 0 274 147 365 150 102 2
CK/G6/S102_002_00000016.png 6 270 135 363 138 102 2
CK/G6/S102_002_00000017.png 6 270 135 362 138 102 2
CK/G6/S102_002_00000018.png 6 269 136 362 139 102 2
CK/G6/S102_003_00000001.png 0 271 148 362 156 102 2
CK/G6/S102_003_00000014.png 3 271 149 360 154 102 2
CK/G6/S102_003_00000015.png 3 270 149 360 154 102 2
CK/G6/S102_003_00000016.png 3 270 149 359 154 102 2
CK/G6/S102_009_00000001.png 0 280 141 371 149 102 2
CK/G6/S102_009_00000013.png 2 279 142 368 149 102 2
CK/G6/S102_009_00000014.png 2 279 142 368 149 102 2
CK/G6/S102_009_00000015.png 2 279 142 368 149 102 2
CK/G6/S105_008_00000001.png 0 244 165 341 161 105 2
CK/G6/S105_008_00000008.png 2 244 165 341 162 105 2
CK/G6/S105_008_00000009.png 2 244 165 341 162 105 2
CK/G6/S105_008_00000010.png 2 243 165 341 162 105 2
CK/G6/S106_002_00000001.png 0 247 185 357 183 106 2
CK/G6/S106_002_00000014.png 5 252 191 359 190 106 2
CK/G6/S106_002_00000015.png 5 253 193 360 192 106 2
CK/G6/S106_002_00000016.png 5 253 195 360 193 106 2
CK/G6/S106_004_00000001.png 0 246 186 355 184 106 2
CK/G6/S106_004_00000006.png 2 243 192 358 191 106 2
CK/G6/S106_004_00000007.png 2 243 191 358 190 106 2
CK/G6/S106_004_00000008.png 2 243 191 358 190 106 2
CK/G6/S106_006_00000001.png 0 243 180 352 179 106 2
CK/G6/S106_006_00000009.png 4 244 181 354 182 106 2
CK/G6/S106_006_00000010.png 4 245 179 354 180 106 2
CK/G6/S106_006_00000011.png 4 245 178 354 179 106 2
CK/G6/S107_001_00000001.png 0 254 227 356 226 107 2
CK/G6/S107_001_00000008.png 6 255 208 357 209 107 2
CK/G6/S107_001_00000009.png 6 255 206 357 208 107 2
CK/G6/S107_001_00000010.png 6 255 206 356 207 107 2
CK/G6/S107_005_00000001.png 0 259 226 358 227 107 2
CK/G6/S107_005_00000009.png 2 251 233 362 233 107 2
CK/G6/S107_005_00000010.png 2 250 234 362 233 107 2
CK/G6/S107_005_00000011.png 2 249 235 362 234 107 2
CK/G6/S108_005_00000001.png 0 293 205 384 203 108 2
CK/G6/S108_005_00000020.png 5 289 220 379 213 108 2
CK/G6/S108_005_00000021.png 5 289 219 379 212 108 2
CK/G6/S108_005_00000022.png 5 289 219 379 212 108 2
CK/G6/S108_006_00000001.png 0 290 204 382 203 108 2
CK/G6/S108_006_00000018.png 2 290 204 382 203 108 2
CK/G6/S108_006_00000019.png 2 290 204 382 203 108 2
CK/G6/S108_006_00000020.png 2 290 204 382 203 108 2
CK/G6/S108_008_00000001.png 0 292 203 385 203 108 2
CK/G6/S108_008_00000011.png 4 293 201 385 200 108 2
CK/G6/S108_008_00000012.png 4 292 201 385 200 108 2
CK/G6/S108_008_00000013.png 4 292 201 385 200 108 2
CK/G6/S109_003_00000001.png 0 248 185 340 183 109 2
CK/G6/S109_003_00000015.png 1 248 189 341 187 109 2
CK/G6/S109_003_00000016.png 1 248 189 341 187 109 2
CK/G6/S109_003_00000017.png 1 248 189 341 187 109 2
CK/G6/S109_005_00000001.png 0 246 184 338 183 109 2
CK/G6/S109_005_00000012.png 2 246 185 339 182 109 2
CK/G6/S109_005_00000013.png 2 246 185 339 182 109 2
CK/G6/S109_005_00000014.png 2 246 185 339 182 109 2
CK/G6/S109_006_00000001.png 0 249 185 341 183 109 2
CK/G6/S109_006_00000013.png 4 248 187 342 186 109 2
CK/G6/S109_006_00000014.png 4 248 187 342 186 109 2
CK/G6/S109_006_00000015.png 4 248 187 342 186 109 2
CK/G6/S110_001_00000001.png 0 273 199 370 197 110 2
CK/G6/S110_001_00000011.png 6 269 181 364 176 110 2
CK/G6/S110_001_00000012.png 6 269 182 364 177 110 2
CK/G6/S110_001_00000013.png 6 269 182 364 178 110 2
CK/G6/S111_001_00000001.png 0 256 185 351 179 111 2
CK/G6/S111_001_00000012.png 6 254 176 351 170 111 2
CK/G6/S111_001_00000013.png 6 254 174 351 168 111 2
CK/G6/S111_001_00000014.png 6 254 174 350 167 111 2
CK/G6/S111_006_00000001.png 0 252 186 348 178 111 2
CK/G6/S111_006_00000008.png 1 252 186 348 179 111 2
CK/G6/S111_006_00000009.png 1 252 186 348 179 111 2
CK/G6/S111_006_00000010.png 1 252 186 348 179 111 2
CK/G6/S111_007_00000001.png 0 252 185 347 178 111 2
CK/G6/S111_007_00000012.png 2 252 185 347 177 111 2
CK/G6/S111_007_00000013.png 2 252 184 347 176 111 2
CK/G6/S111_007_00000014.png 2 252 184 347 176 111 2
CK/G6/S112_005_00000001.png 0 287 174 388 172 112 2
CK/G6/S112_005_00000015.png 1 284 178 386 175 112 2
CK/G6/S112_005_00000016.png 1 284 179 386 176 112 2
CK/G6/S112_005_00000017.png 1 284 180 385 176 112 2
CK/G6/S113_001_00000001.png 0 247 184 353 183 113 2
CK/G6/S113_001_00000010.png 6 248 178 353 177 113 2
CK/G6/S113_001_00000011.png 6 248 177 353 176 113 2
CK/G6/S113_001_00000012.png 6 248 175 352 174 113 2
CK/G6/S113_003_00000001.png 0 248 185 351 182 113 2
CK/G6/S113_003_00000013.png 5 248 185 352 184 113 2
CK/G6/S113_003_00000014.png 5 248 185 352 184 113 2
CK/G6/S113_003_00000015.png 5 248 186 351 184 113 2
CK/G6/S113_008_00000001.png 0 249 187 352 185 113 2
CK/G6/S113_008_00000021.png 1 248 189 352 187 113 2
CK/G6/S113_008_00000022.png 1 248 189 352 187 113 2
CK/G6/S113_008_00000023.png 1 248 189 352 186 113 2
CK/G6/S114_001_00000001.png 0 245 212 346 209 114 2
CK/G6/S114_001_00000016.png 6 249 193 350 192 114 2
CK/G6/S114_001_00000017.png 6 250 190 351 189 114 2
CK/G6/S114_001_00000018.png 6 251 187 352 186 114 2
CK/G6/S114_006_00000001.png 0 246 205 347 202 114 2
CK/G6/S114_006_00000021.png 4 247 203 347 201 114 2
CK/G6/S114_006_00000022.png 4 247 203 347 201 114 2
CK/G6/S114_006_00000023.png 4 246 203 346 201 114 2
CK/G6/S115_001_00000001.png 0 257 194 356 188 115 2
CK/G6/S115_001_00000006.png 6 255 190 357 184 115 2
CK/G6/S115_001_00000007.png 6 254 187 358 182 115 2
CK/G6/S115_001_00000008.png 6 254 185 358 180 115 2
CK/G6/S115_004_00000001.png 0 236 199 337 191 115 2
CK/G6/S115_004_00000015.png 5 236 199 338 191 115 2
CK/G6/S115_004_00000016.png 5 236 199 338 191 115 2
CK/G6/S115_004_00000017.png 5 236 199 338 191 115 2
CK/G6/S115_008_00000001.png 0 255 199 356 194 115 2
CK/G6/S115_008_00000015.png 4 255 198 360 192 115 2
CK/G6/S115_008_00000016.png 4 255 198 360 192 115 2
CK/G6/S115_008_00000017.png 4 256 198 361 191 115 2
CK/G7/S116_001_00000001.png 0 240 194 336 193 116 2
CK/G7/S116_001_00000012.png 6 238 183 335 181 116 2
CK/G7/S116_001_00000013.png 6 239 182 335 181 116 2
CK/G7/S116_001_00000014.png 6 239 182 336 181 116 2
CK/G7/S116_006_00000001.png 0 239 196 335 194 116 2
CK/G7/S116_006_00000005.png 2 239 197 335 196 116 2
CK/G7/S116_006_00000006.png 2 239 197 335 196 116 2
CK/G7/S116_006_00000007.png 2 239 197 335 196 116 2
CK/G7/S116_007_00000001.png 0 241 194 337 192 116 2
CK/G7/S116_007_00000015.png 4 241 193 337 192 116 2
CK/G7/S116_007_00000016.png 4 241 193 337 192 116 2
CK/G7/S116_007_00000017.png 4 241 193 337 192 116 2
CK/G7/S117_001_00000001.png 0 260 179 352 180 117 2
CK/G7/S117_001_00000012.png 6 265 164 358 165 117 2
CK/G7/S117_001_00000013.png 6 265 164 358 165 117 2
CK/G7/S117_001_00000014.png 6 265 162 358 163 117 2
CK/G7/S117_003_00000001.png 0 259 169 353 169 117 2
CK/G7/S117_003_00000012.png 3 258 168 352 169 117 2
CK/G7/S117_003_00000013.png 3 258 168 352 169 117 2
CK/G7/S117_003_00000014.png 3 257 167 351 169 117 2
CK/G7/S117_006_00000001.png 0 254 177 345 177 117 2
CK/G7/S117_006_00000008.png 1 254 177 345 176 117 2
CK/G7/S117_006_00000009.png 1 254 177 345 176 117 2
CK/G7/S117_006_00000010.png 1 254 178 345 177 117 2
CK/G7/S119_001_00000001.png 0 262 191 354 184 119 2
CK/G7/S119_001_00000009.png 6 259 175 355 171 119 2
CK/G7/S119_001_00000010.png 6 258 172 354 168 119 2
CK/G7/S119_001_00000011.png 6 258 170 352 166 119 2
CK/G7/S119_003_00000001.png 0 257 192 350 185 119 2
CK/G7/S119_003_00000022.png 3 249 178 342 171 119 2
CK/G7/S119_003_00000023.png 3 249 177 342 171 119 2
CK/G7/S119_003_00000024.png 3 250 177 342 171 119 2
CK/G7/S119_008_00000001.png 0 254 196 347 188 119 2
CK/G7/S119_008_00000016.png 1 261 201 348 193 119 2
CK/G7/S119_008_00000017.png 1 262 202 347 193 119 2
CK/G7/S119_008_00000018.png 1 262 201 347 193 119 2
CK/G7/S122_001_00000001.png 0 219 201 320 204 122 2
CK/G7/S122_001_00000010.png 6 221 197 321 201 122 2
CK/G7/S122_001_00000011.png 6 221 197 321 200 122 2
CK/G7/S122_001_00000012.png 6 221 197 321 200 122 2
CK/G7/S124_001_00000001.png 0 218 202 302 193 124 2
CK/G7/S124_001_00000012.png 6 210 175 297 170 124 2
CK/G7/S124_001_00000013.png 6 210 175 297 169 124 2
CK/G7/S124_001_00000014.png 6 210 174 296 168 124 2
CK/G7/S124_003_00000001.png 0 216 193 302 185 124 2
CK/G7/S124_003_00000009.png 3 216 191 299 184 124 2
CK/G7/S124_003_00000010.png 3 216 191 299 184 124 2
CK/G7/S124_003_00000011.png 3 216 192 299 185 124 2
CK/G7/S124_006_00000001.png 0 216 197 302 191 124 2
CK/G7/S124_006_00000009.png 2 215 192 303 186 124 2
CK/G7/S124_006_00000010.png 2 215 192 303 186 124 2
CK/G7/S124_006_00000011.png 2 215 192 303 186 124 2
CK/G7/S124_007_00000001.png 0 214 201 300 194 124 2
CK/G7/S124_007_00000022.png 4 230 180 314 179 124 2
CK/G7/S124_007_00000023.png 4 231 179 315 179 124 2
CK/G7/S124_007_00000024.png 4 231 179 315 179 124 2
CK/G7/S125_001_00000001.png 0 285 206 379 209 125 2
CK/G7/S125_001_00000012.png 5 286 206 379 209 125 2
CK/G7/S125_001_00000013.png 5 286 206 379 210 125 2
CK/G7/S125_001_00000014.png 5 287 207 378 211 125 2
CK/G7/S125_005_00000001.png 0 287 204 383 207 125 2
CK/G7/S125_005_00000011.png 4 288 204 384 206 125 2
CK/G7/S125_005_00000012.png 4 288 204 384 206 125 2
CK/G7/S125_005_00000013.png 4 288 204 383 206 125 2
CK/G7/S125_006_00000001.png 0 285 204 379 206 125 2
CK/G7/S125_006_00000020.png 3 286 202 381 204 125 2
CK/G7/S125_006_00000021.png 3 286 202 381 203 125 2
CK/G7/S125_006_00000022.png 3 286 201 381 203 125 2
CK/G7/S125_007_00000001.png 0 284 206 378 208 125 2
CK/G7/S125_007_00000007.png 6 283 204 378 206 125 2
CK/G7/S125_007_00000008.png 6 283 203 378 206 125 2
CK/G7/S125_007_00000009.png 6 283 201 379 204 125 2
CK/G7/S125_008_00000001.png 0 283 204 378 207 125 2
CK/G7/S125_008_00000008.png 2 281 206 378 208 125 2
CK/G7/S125_008_00000009.png 2 282 206 378 208 125 2
CK/G7/S125_008_00000010.png 2 282 205 378 209 125 2
CK/G7/S126_004_00000001.png 0 229 199 333 198 126 2
CK/G7/S126_004_00000010.png 6 231 195 333 194 126 2
CK/G7/S126_004_00000011.png 6 232 193 334 192 126 2
CK/G7/S126_004_00000012.png 6 232 192 334 191 126 2
CK/G7/S126_008_00000001.png 0 231 197 334 195 126 2
CK/G7/S126_008_00000027.png 1 231 205 334 205 126 2
CK/G7/S126_008_00000028.png 1 230 205 334 205 126 2
CK/G7/S126_008_00000029.png 1 230 206 334 206 126 2
CK/G7/S127_001_00000001.png 0 265 229 359 224 127 2
CK/G7/S127_001_00000015.png 6 265 217 359 211 127 2
CK/G7/S127_001_00000016.png 6 265 217 359 211 127 2
CK/G7/S127_001_00000017.png 6 265 217 359 211 127 2
CK/G7/S127_004_00000001.png 0 268 229 364 223 127 2
CK/G7/S127_004_00000014.png 4 265 225 364 223 127 2
CK/G7/S127_004_00000015.png 4 265 225 364 223 127 2
CK/G7/S127_004_00000016.png 4 265 225 365 223 127 2
CK/G7/S127_010_00000001.png 0 270 227 364 221 127 2
CK/G7/S127_010_00000016.png 1 269 231 364 228 127 2
CK/G7/S127_010_00000017.png 1 269 232 364 228 127 2
CK/G7/S127_010_00000018.png 1 269 232 364 229 127 2
CK/G7/S128_004_00000001.png 0 219 224 312 219 128 2
CK/G7/S128_004_00000011.png 2 219 226 312 223 128 2
CK/G7/S128_004_00000012.png 2 219 226 312 223 128 2
CK/G7/S128_004_00000013.png 2 219 226 312 223 128 2
CK/G7/S128_011_00000001.png 0 225 223 318 220 128 2
CK/G7/S128_011_00000014.png 4 225 222 318 218 128 2
CK/G7/S128_011_00000015.png 4 225 222 317 218 128 2
CK/G7/S128_011_00000016.png 4 225 222 317 218 128 2
CK/G7/S129_002_00000001.png 0 237 209 334 206 129 2
CK/G7/S129_002_00000009.png 6 237 209 334 206 129 2
CK/G7/S129_002_00000010.png 6 237 209 334 206 129 2
CK/G7/S129_002_00000011.png 6 237 209 334 206 129 2
CK/G7/S129_006_00000001.png 0 240 220 340 220 129 2
CK/G7/S129_006_00000008.png 1 240 221 340 221 129 2
CK/G7/S129_006_00000009.png 1 240 221 339 221 129 2
CK/G7/S129_006_00000010.png 1 240 222 339 222 129 2
CK/G7/S129_011_00000001.png 0 241 225 339 224 129 2
CK/G7/S129_011_00000016.png 2 241 225 339 226 129 2
CK/G7/S129_011_00000017.png 2 241 225 339 226 129 2
CK/G7/S129_011_00000018.png 2 241 225 339 226 129 2
CK/G7/S129_012_00000001.png 0 238 220 337 219 129 2
CK/G7/S129_012_00000009.png 4 239 220 338 219 129 2
CK/G7/S129_012_00000010.png 4 239 221 338 220 129 2
CK/G7/S129_012_00000011.png 4 239 221 339 220 129 2
CK/G7/S130_001_00000001.png 0 233 221 335 227 130 2
CK/G7/S130_001_00000016.png 6 234 217 336 224 130 2
CK/G7/S130_001_00000017.png 6 234 217 336 224 130 2
CK/G7/S130_001_00000018.png 6 234 217 336 224 130 2
CK/G7/S130_007_00000001.png 0 232 223 332 228 130 2
CK/G7/S130_007_00000018.png 1 233 223 333 229 130 2
CK/G7/S130_007_00000019.png 1 233 223 333 229 130 2
CK/G7/S130_007_00000020.png 1 233 223 333 229 130 2
CK/G7/S130_009_00000001.png 0 233 220 335 224 130 2
CK/G7/S130_009_00000017.png 5 235 222 334 226 130 2
CK/G7/S130_009_00000018.png 5 235 222 334 226 130 2
CK/G7/S130_009_00000019.png 5 235 222 334 226 130 2
CK/G7/S130_012_00000001.png 0 233 220 335 226 130 2
CK/G7/S130_012_00000009.png 2 233 222 335 227 130 2
CK/G7/S130_012_00000010.png 2 233 222 335 227 130 2
CK/G7/S130_012_00000011.png 2 233 222 335 227 130 2
CK/G7/S130_013_00000001.png 0 228 220 331 225 130 2
CK/G7/S130_013_00000013.png 4 228 220 331 224 130 2
CK/G7/S130_013_00000014.png 4 228 220 331 224 130 2
CK/G7/S130_013_00000015.png 4 228 220 332 224 130 2
CK/G7/S131_001_00000001.png 0 271 189 370 184 131 2
CK/G7/S131_001_00000014.png 6 270 170 370 167 131 2
CK/G7/S131_001_00000015.png 6 270 169 370 166 131 2
CK/G7/S131_001_00000016.png 6 270 168 370 165 131 2
CK/G7/S131_003_00000001.png 0 274 202 372 197 131 2
CK/G7/S131_003_00000022.png 5 277 202 373 199 131 2
CK/G7/S131_003_00000023.png 5 277 203 373 199 131 2
CK/G7/S131_003_00000024.png 5 277 203 373 199 131 2
CK/G7/S131_006_00000001.png 0 272 197 370 191 131 2
CK/G7/S131_006_00000020.png 4 271 193 368 189 131 2
CK/G7/S131_006_00000021.png 4 271 193 368 188 131 2
CK/G7/S131_006_00000022.png 4 271 193 368 188 131 2
CK/G7/S131_010_00000001.png 0 273 199 371 194 131 2
CK/G7/S131_010_00000016.png 2 271 203 370 197 131 2
CK/G7/S131_010_00000017.png 2 271 202 370 196 131 2
CK/G7/S131_010_00000018.png 2 271 202 370 195 131 2
CK/G8/S132_002_00000001.png 0 269 199 351 197 132 2
CK/G8/S132_002_00000016.png 5 269 200 349 199 132 2
CK/G8/S132_002_00000017.png 5 269 200 350 199 132 2
CK/G8/S132_002_00000018.png 5 269 200 350 199 132 2
CK/G8/S132_003_00000001.png 0 267 199 348 196 132 2
CK/G8/S132_003_00000021.png 3 268 197 349 197 132 2
CK/G8/S132_003_00000022.png 3 269 197 349 197 132 2
CK/G8/S132_003_00000023.png 3 269 197 349 197 132 2
CK/G8/S132_005_00000001.png 0 265 200 347 198 132 2
CK/G8/S132_005_00000014.png 2 264 201 347 198 132 2
CK/G8/S132_005_00000015.png 2 264 201 347 198 132 2
CK/G8/S132_005_00000016.png 2 264 201 347 198 132 2
CK/G8/S132_006_00000001.png 0 269 199 349 197 132 2
CK/G8/S132_006_00000021.png 4 267 198 350 196 132 2
CK/G8/S132_006_00000022.png 4 267 198 350 197 132 2
CK/G8/S132_006_00000023.png 4 266 198 350 197 132 2
CK/G8/S132_008_00000001.png 0 264 201 348 198 132 2
CK/G8/S132_008_00000008.png 6 265 200 349 196 132 2
CK/G8/S132_008_00000009.png 6 265 200 349 196 132 2
CK/G8/S132_008_00000010.png 6 264 199 348 195 132 2
CK/G8/S133_003_00000001.png 0 264 233 361 230 133 2
CK/G8/S133_003_00000045.png 1 264 238 362 234 133 2
CK/G8/S133_003_00000046.png 1 264 238 362 233 133 2
CK/G8/S133_003_00000047.png 1 264 238 362 233 133 2
CK/G8/S133_009_00000001.png 0 266 231 362 228 133 2
CK/G8/S133_009_00000004.png 6 265 231 362 227 133 2
CK/G8/S133_009_00000005.png 6 265 230 362 226 133 2
CK/G8/S133_009_00000006.png 6 266 229 362 225 133 2
CK/G8/S133_010_00000001.png 0 265 232 362 229 133 2
CK/G8/S133_010_00000012.png 4 265 230 362 228 133 2
CK/G8/S133_010_00000013.png 4 265 230 362 228 133 2
CK/G8/S133_010_00000014.png 4 265 230 362 228 133 2
CK/G8/S134_003_00000001.png 0 269 187 357 188 134 2
CK/G8/S134_003_00000009.png 1 268 189 358 189 134 2
CK/G8/S134_003_00000010.png 1 268 190 358 190 134 2
CK/G8/S134_003_00000011.png 1 268 190 358 190 134 2
CK/G8/S134_004_00000001.png 0 269 188 356 189 134 2
CK/G8/S134_004_00000013.png 4 269 186 356 187 134 2
CK/G8/S134_004_00000014.png 4 269 186 356 187 134 2
CK/G8/S134_004_00000015.png 4 269 187 356 187 134 2
CK/G8/S134_008_00000001.png 0 267 200 359 201 134 2
CK/G8/S134_008_00000011.png 2 267 202 360 203 134 2
CK/G8/S134_008_00000012.png 2 266 200 359 203 134 2
CK/G8/S134_008_00000013.png 2 266 200 359 202 134 2
CK/G8/S135_001_00000001.png 0 240 212 332 212 135 2
CK/G8/S135_001_00000037.png 6 242 208 332 207 135 2
CK/G8/S135_001_00000038.png 6 242 208 332 207 135 2
CK/G8/S135_001_00000039.png 6 242 208 332 207 135 2
CK/G8/S135_012_00000001.png 0 241 209 331 211 135 2
CK/G8/S135_012_00000018.png 4 240 209 331 211 135 2
CK/G8/S135_012_00000019.png 4 241 209 331 211 135 2
CK/G8/S135_012_00000020.png 4 241 209 331 211 135 2
CK/G8/S136_001_00000001.png 0 282 179 372 183 136 2
CK/G8/S136_001_00000017.png 6 277 181 369 184 136 2
CK/G8/S136_001_00000018.png 6 277 182 369 185 136 2
CK/G8/S136_001_00000019.png 6 278 182 369 185 136 2
CK/G8/S136_003_00000001.png 0 281 176 372 180 136 2
CK/G8/S136_003_00000012.png 5 281 176 371 180 136 2
CK/G8/S136_003_00000013.png 5 281 176 371 180 136 2
CK/G8/S136_003_00000014.png 5 281 177 371 180 136 2
CK/G8/S136_005_00000001.png 0 281 175 372 179 136 2
CK/G8/S136_005_00000008.png 1 281 175 371 179 136 2
CK/G8/S136_005_00000009.png 1 281 176 371 180 136 2
CK/G8/S136_005_00000010.png 1 281 176 370 180 136 2
CK/G8/S136_006_00000001.png 0 283 176 373 179 136 2
CK/G8/S136_006_00000018.png 4 282 179 372 183 136 2
CK/G8/S136_006_00000019.png 4 281 180 371 183 136 2
CK/G8/S136_006_00000020.png 4 280 180 370 183 136 2
CK/G8/S137_001_00000001.png 0 245 212 351 213 137 2
CK/G8/S137_001_00000012.png 6 245 209 351 209 137 2
CK/G8/S137_001_00000013.png 6 245 208 352 208 137 2
CK/G8/S137_001_00000014.png 6 246 207 353 208 137 2
CK/G8/S137_005_00000001.png 0 246 214 353 217 137 2
CK/G8/S137_005_00000025.png 5 246 214 353 217 137 2
CK/G8/S137_005_00000026.png 5 246 214 353 217 137 2
CK/G8/S137_005_00000027.png 5 246 214 353 217 137 2
CK/G8/S137_011_00000001.png 0 244 211 350 213 137 2
CK/G8/S137_011_00000018.png 4 243 213 349 214 137 2
CK/G8/S137_011_00000019.png 4 243 213 349 214 137 2
CK/G8/S137_011_00000020.png 4 242 213 349 214 137 2
CK/G8/S138_001_00000001.png 0 256 183 354 181 138 2
CK/G8/S138_001_00000010.png 3 255 184 351 182 138 2
CK/G8/S138_001_00000011.png 3 255 184 351 182 138 2
CK/G8/S138_001_00000012.png 3 255 184 351 182 138 2
CK/G8/S138_004_00000001.png 0 261 187 360 185 138 2
CK/G8/S138_004_00000011.png 6 260 176 362 176 138 2
CK/G8/S138_004_00000012.png 6 259 176 361 175 138 2
CK/G8/S138_004_00000013.png 6 258 175 360 174 138 2
CK/G8/S138_005_00000001.png 0 258 189 355 188 138 2
CK/G8/S138_005_00000014.png 4 257 187 355 186 138 2
CK/G8/S138_005_00000015.png 4 257 187 355 186 138 2
CK/G8/S138_005_00000016.png 4 257 187 355 186 138 2
CK/G8/S138_007_00000001.png 0 256 189 357 187 138 2
CK/G8/S138_007_00000009.png 5 257 189 357 187 138 2
CK/G8/S138_007_00000010.png 5 257 189 357 187 138 2
CK/G8/S138_007_00000011.png 5 257 189 357 187 138 2
CK/G8/S501_001_00000001.png 0 314 236 444 234 501 2
CK/G8/S501_001_00000065.png 1 319 238 448 235 501 2
CK/G8/S501_001_00000066.png 1 319 238 448 235 501 2
CK/G8/S501_001_00000067.png 1 318 238 448 235 501 2
CK/G8/S501_004_00000001.png 0 304 224 431 223 501 2
CK/G8/S501_004_00000054.png 3 305 217 431 214 501 2
CK/G8/S501_004_00000055.png 3 306 217 431 214 501 2
CK/G8/S501_004_00000056.png 3 306 217 432 214 501 2
CK/G8/S501_006_00000001.png 0 303 232 431 229 501 2
CK/G8/S501_006_00000039.png 5 309 234 434 232 501 2
CK/G8/S501_006_00000040.png 5 309 234 434 232 501 2
CK/G8/S501_006_00000041.png 5 309 233 434 231 501 2
CK/G8/S502_001_00000001.png 0 286 217 421 216 502 2
CK/G8/S502_001_00000014.png 1 290 235 425 234 502 2
CK/G8/S502_001_00000015.png 1 290 235 425 235 502 2
CK/G8/S502_001_00000016.png 1 290 236 425 236 502 2
CK/G8/S502_004_00000001.png 0 261 198 394 196 502 2
CK/G8/S502_004_00000050.png 3 275 207 405 208 502 2
CK/G8/S502_004_00000051.png 3 275 208 404 208 502 2
CK/G8/S502_004_00000052.png 3 275 207 404 208 502 2
CK/G8/S503_001_00000001.png 0 258 225 381 223 503 2
CK/G8/S503_001_00000069.png 1 257 227 384 225 503 2
CK/G8/S503_001_00000070.png 1 257 226 384 225 503 2
CK/G8/S503_001_00000071.png 1 257 225 383 225 503 2
CK/G8/S503_006_00000001.png 0 260 226 385 225 503 2
CK/G8/S503_006_00000018.png 5 259 228 385 227 503 2
CK/G8/S503_006_00000019.png 5 259 229 385 227 503 2
CK/G8/S503_006_00000020.png 5 259 229 385 227 503 2
CK/G8/S504_001_00000001.png 0 264 220 389 221 504 2
CK/G8/S504_001_00000020.png 1 267 219 391 220 504 2
CK/G8/S504_001_00000021.png 1 267 220 392 220 504 2
CK/G8/S504_001_00000022.png 1 268 220 392 220 504 2
CK/G8/S504_004_00000001.png 0 263 217 390 218 504 2
CK/G8/S504_004_00000013.png 3 266 211 390 214 504 2
CK/G8/S504_004_00000014.png 3 266 210 391 214 504 2
CK/G8/S504_004_00000015.png 3 267 210 391 214 504 2
CK/G8/S504_006_00000001.png 0 262 223 393 224 504 2
CK/G8/S504_006_00000016.png 5 266 217 390 219 504 2
CK/G8/S504_006_00000017.png 5 266 217 390 219 504 2
CK/G8/S504_006_00000018.png 5 266 217 390 219 504 2
CK/G8/S505_006_00000001.png 0 231 225 361 222 505 2
CK/G8/S505_006_00000017.png 5 233 225 358 223 505 2
CK/G8/S505_006_00000018.png 5 233 225 358 223 505 2
CK/G8/S505_006_00000019.png 5 233 225 358 223 505 2
CK/G8/S506_001_00000001.png 0 263 209 387 208 506 2
CK/G8/S506_001_00000038.png 1 265 225 396 226 506 2
CK/G8/S506_001_00000039.png 1 265 225 395 226 506 2
CK/G8/S506_001_00000040.png 1 265 225 396 226 506 2
CK/G8/S506_004_00000001.png 0 278 213 401 214 506 2
CK/G8/S506_004_00000036.png 3 264 205 385 205 506 2
CK/G8/S506_004_00000037.png 3 264 205 385 205 506 2
CK/G8/S506_004_00000038.png 3 263 205 384 205 506 2
CK/G8/S506_006_00000001.png 0 264 197 389 195 506 2
CK/G8/S506_006_00000040.png 5 268 197 391 198 506 2
CK/G8/S506_006_00000041.png 5 268 197 391 198 506 2
CK/G8/S506_006_00000042.png 5 268 197 391 198 506 2
CK/G8/S999_001_00000001.png 0 199 227 309 226 999 2
CK/G8/S999_001_00000018.png 1 202 230 309 228 999 2
CK/G8/S999_001_00000017.png 1 201 230 309 228 999 2
CK/G8/S999_001_00000016.png 1 201 229 309 228 999 2
CK/G8/S999_003_00000001.png 0 204 214 313 213 999 2
CK/G8/S999_003_00000055.png 3 190 217 299 216 999 2
CK/G8/S999_003_00000054.png 3 190 217 299 216 999 2
CK/G8/S999_003_00000053.png 3 191 217 299 215 999 2
